4.673221536
4.810263414
20
0.642766684 0.03122612072
0.8454703743 0.8385889885
0.9022090404 0.6986302546
0.5061674413 0.5478130964
0.7554508486 0.8438250143
0.7132658866 0.9431910562
0.6433103462 0.9886447581
0.4769554196 0.8644296512
0.6108843825 0.09060036418
0.509570976 0.09464375276
0.4947278247 0.2929879556
0.4562488201 0.1951749417
0.09643613369 0.1776438079
0.04492996981 0.2453282546
0.4115843333 0.6746162873
0.4325291079 0.7200653486
0.3831675708 0.8282218679
0.1193215865 0.6905023308
0.1689415112 0.5480353483
0.07599699946 0.4587216444
