5.266382273
5.470484419
20
0.2983617882 0.9524982732
0.04976046805 0.7368379003
0.5158881598 0.1780184622
0.5390714655 0.1172769616
0.5031908934 0.08077601296
0.3581778943 0.2337845105
0.3554759083 0.2640455591
0.5747926082 0.5611145386
0.1052015904 0.0790866534
0.05369757143 0.4477072425
0.19629347 0.7148511687
0.4282959038 0.7693665009
0.3901408536 0.7433779738
0.3775339699 0.6847273081
0.4215917413 0.8857197424
0.9112672612 0.6853633898
0.8458756917 0.8830080622
0.8061711123 0.8195496888
0.8395487969 0.4563958166
0.7645405337 0.4227093736
