5.083206018
5.275660582
19
0.04259090155 0.2767994097
0.8055004033 0.2442230598
0.7770026878 0.1723098972
0.692148532 0.1598060707
0.6390818875 0.02589392441
0.4374615868 0.9062790516
0.6215690358 0.9120627907
0.69791361 0.7889285085
0.9081449509 0.8097066216
0.05842796671 0.7747049388
0.2122471054 0.5607577257
0.1168325039 0.4831944776
0.1379397406 0.3515341504
0.3492321656 0.3736980782
0.4420522587 0.5185944174
0.5508358079 0.513888099
0.7188537438 0.3711472206
0.7553583639 0.4379137896
0.949181278 0.4370822707
