5.05870186
5.199362063
23
0.1175313628 0.5106341328
0.2985639266 0.219937048
0.9215532617 0.2656026169
0.09546156327 0.8366801669
0.1019691289 0.7559702805
0.2113143349 0.7040721252
0.1105419014 0.1353330371
0.1116392605 0.232967657
0.07856417156 0.2433944284
0.1752822823 0.3110567305
0.2586126091 0.3134142353
0.2172954876 0.5692542142
0.3220707643 0.5502352104
0.4273198872 0.4032803923
0.3935087666 0.4296854957
0.8868939138 0.2758228786
0.6707832509 0.2911799278
0.6112133345 0.3235251221
0.5966267031 0.4465593247
0.6305463406 0.8252848623
0.6833450342 0.9029558064
0.5513449659 0.9580135776
0.5642239653 0.9759834124
