6.32006403
6.523146711
36
0.3858048998 0.04790071715
0.9354286851 0.09781691407
0.04488864138 0.05058499391
0.8117144117 0.01501758204
0.6971996766 0.08963399867
0.06774439003 0.1105158756
0.1474893194 0.1636601275
0.7650233056 0.350597804
0.7713896947 0.4024624265
0.05626835678 0.3653323956
0.1080655982 0.5044347398
0.1168105174 0.4659960334
0.7201206607 0.4286189157
0.2346805764 0.4194181224
0.2132539588 0.5223010434
0.3939245354 0.2064302943
0.3815277601 0.2608379474
0.6375903483 0.592481938
0.634402572 0.5136714085
0.3926685322 0.7543791544
0.3969885323 0.8335888927
0.5025030498 0.708515014
0.4338097613 0.8645265372
0.3803763956 0.6855615321
0.3003345191 0.6453836879
0.3150929614 0.941594896
0.2138102764 0.8180553175
0.2059779326 0.8787727271
0.07511609296 0.8073440162
0.1289836191 0.7657609959
0.892453903 0.8008649917
0.7858315681 0.7624281878
0.7140637424 0.8271060801
0.7344852226 0.9229718026
0.7001639824 0.6448699788
0.7620935278 0.654490728
