5.764836056
5.939768509
32
0.8948652221 0.1308849304
0.9544724639 0.1023365869
0.5776109016 0.6620918619
0.1444088861 0.9519427716
0.5104223757 0.8265756274
0.5283023488 0.8865890641
0.5219982237 0.1518121015
0.8440262371 0.3693490942
0.8110234119 0.376770756
0.9142883017 0.9226459677
0.8552611915 0.9030690586
0.08253340219 0.6760587514
0.05817200272 0.781418066
0.1414640237 0.0542838968
0.1884620687 0.1518773238
0.1831237585 0.1816305621
0.1512739152 0.6592913944
0.634695818 0.222854312
0.1979521319 0.5361445555
0.9452418314 0.729670216
0.8516454592 0.763850532
0.8181608826 0.8205896185
0.6980262405 0.8397248425
0.784318531 0.5462174119
0.8176115176 0.5813459553
0.8044209664 0.6257719489
0.6269832088 0.3727227192
0.4921117961 0.4814862597
0.3751563243 0.4487543678
0.3548379489 0.3408852762
0.3102450674 0.3200556698
0.7846854494 0.4432450037
