6.832950895
7.030951152
40
0.7926013149 0.01764903488
0.9812193448 0.4735743716
0.9057027308 0.8057344768
0.9591688016 0.2837159455
0.1706613431 0.9003113688
0.06099199558 0.8849076465
0.06832039676 0.718203451
0.9029739096 0.1004205677
0.8107023842 0.1099875644
0.1699439826 0.5793299953
0.1745325657 0.6656122898
0.8048075479 0.4894727395
0.07228660567 0.5302124026
0.06946084792 0.4924019776
0.02836513651 0.4726010168
0.02836791276 0.560142563
0.1489912414 0.4139342098
0.1153579506 0.2207178926
0.1088355911 0.2684235116
0.7675027333 0.2248082293
0.7563218509 0.139089688
0.7120942783 0.3215992433
0.6018619989 0.08274584152
0.7073717194 0.4658061129
0.6491511328 0.5437780611
0.4146445501 0.6316594896
0.462434058 0.6705721092
0.4253148197 0.5654440199
0.4830210613 0.3504503908
0.3368603734 0.291258138
0.2719273787 0.2202780162
0.1809807419 0.204079676
0.3118951029 0.1303847676
0.3682166046 0.1195123014
0.6789123614 0.7969342557
0.6582876204 0.9553653581
0.56840351 0.8032236794
0.5471179119 0.7737790991
0.4611536806 0.7255960732
0.4291053648 0.7458280268
