6.280806724
6.508918517
34
0.9332127242 0.666041225
0.7140670884 0.4223252748
0.8887584664 0.03995792276
0.08236242379 0.2372014968
0.1287542014 0.8198388334
0.8649825584 0.1162181572
0.06371329923 0.3511786172
0.4099453425 0.793214914
0.1980699219 0.7668258672
0.2242122514 0.6448386001
0.2786377393 0.6268683104
0.291654511 0.4481068076
0.3095381588 0.4640933995
0.6193176366 0.5198388579
0.6900870085 0.01958239262
0.7601069972 0.1175286878
0.6603338547 0.2669273701
0.5609552829 0.2683619391
0.5452220339 0.3876566295
0.3983387441 0.4230792979
0.4581169273 0.4477916553
0.3926442704 0.3630609422
0.3823897359 0.1872073665
0.3460869583 0.2510742889
0.3569138467 0.07668325763
0.3028115842 0.04976911113
0.6475395022 0.7394869058
0.5704012239 0.7337633839
0.6774059875 0.6318317051
0.7717856955 0.8784865551
0.8682157919 0.9158804817
0.8322734084 0.9190022072
0.9079519502 0.7745802896
0.6164163877 0.4444353204
