6.882598532
7.13710497
44
0.9459820968 0.5979923733
0.7031616826 0.8428175087
0.726971009 0.6516672902
0.7836552654 0.3475747264
0.940409004 0.2406398057
0.9161059898 0.05266120282
0.7122215158 0.05319759662
0.67827021 0.5535661045
0.6472437019 0.5493095689
0.6923443405 0.5974360617
0.6041044098 0.6174301465
0.5449077526 0.63098471
0.5514811505 0.7044460461
0.5318411687 0.4438183207
0.5365320765 0.468498864
0.5208110358 0.7401629607
0.4651333532 0.3876368755
0.4059805359 0.3951709546
0.3630379145 0.3017763159
0.3853696887 0.3338795063
0.4008985948 0.5846743563
0.3355473353 0.2168533765
0.3791867483 0.2562836859
0.2331024597 0.5749435531
0.3283715444 0.1240571638
0.1141618296 0.06915853414
0.1873292745 0.0492487634
0.09732137314 0.05244826489
0.06974596787 0.2059480796
0.1392236427 0.2880607063
0.07680718955 0.3903340576
0.9104955156 0.6983825417
0.8606740853 0.7061676446
0.3729890158 0.8794882893
0.3265584717 0.8636638605
0.3840043375 0.9352223617
0.2196765825 0.8970433089
0.2065449379 0.9534876957
0.1174065546 0.6774531785
0.1637785479 0.6788934738
0.8639411832 0.8815890896
0.7886766401 0.9058079515
0.9615673915 0.7948236457
0.9332711088 0.8468097996
