5.968368124
6.168890009
30
0.8680315346 0.8665960703
0.648823434 0.2934434829
0.6625673773 0.3095353516
0.6006489013 0.8215525845
0.6569907019 0.3790086437
0.696832504 0.3998322131
0.9054978089 0.492088682
0.9431899896 0.525280726
0.7045642535 0.5193512002
0.2354993192 0.2976263364
0.03195775507 0.1828309406
0.08288158694 0.3042288754
0.3692369385 0.4656202226
0.285415537 0.6265619939
0.5152584028 0.5014701637
0.4823286665 0.5093607228
0.3379942182 0.807700398
0.3486958301 0.7776583557
0.3144953444 0.7374630063
0.1979833807 0.758832724
0.514585244 0.2446197541
0.4830808174 0.2784164516
0.09573032824 0.713511597
0.4826652911 0.1371657648
0.1134096811 0.6075336601
0.07567899283 0.6333642219
0.356073366 0.04884980743
0.5814102733 0.6501693992
0.6458482667 0.7141832736
0.5744795633 0.5695329001
