6.30567218
6.488315635
38
0.8888412969 0.947541315
0.8726482606 0.8395672177
0.5416097501 0.677017735
0.5850964971 0.5951825318
0.8467218196 0.09506327103
0.8895032249 0.1261433082
0.9710359322 0.08983891148
0.9827677273 0.3517652259
0.9398250736 0.3099044908
0.8436967997 0.3152271752
0.8189436703 0.881875232
0.819066459 0.9174732724
0.7302478575 0.8577098618
0.6990202125 0.8792020275
0.7864802433 0.1207348483
0.6483127137 0.9793988259
0.6947685754 0.08545867004
0.4279500893 0.8873786835
0.4508512307 0.7059290844
0.465387123 0.7560719651
0.2941706403 0.1403088671
0.2891716691 0.07097664659
0.4260322236 0.3033759887
0.4232449851 0.2694973526
0.5866260391 0.1755309263
0.09998257548 0.4304711395
0.1941432821 0.4029698866
0.2532413283 0.4267804894
0.3135428802 0.3292350407
0.3267580337 0.3668398124
0.370566157 0.375067873
0.1220430813 0.6735113376
0.1921812025 0.7586854012
0.1886525738 0.8566108335
0.12063629 0.8926788026
0.08727979816 0.8717837572
0.08780430581 0.8572277802
0.3017841194 0.6663901544
