5.292435162
5.493852735
24
0.9719089576 0.1268699704
0.8201914969 0.180862557
0.7437614297 0.1103281461
0.2188229821 0.285439688
0.1164406118 0.1500425934
0.131176694 0.4484891444
0.4301645107 0.1162542221
0.5442427402 0.1229064898
0.5077534163 0.1316406409
0.5943420933 0.1673225761
0.7142937666 0.350454117
0.5895089513 0.6107419651
0.6072694659 0.540218039
0.7855694578 0.5451008709
0.753616433 0.5146053074
0.8385263396 0.7668453684
0.7697392062 0.7559538735
0.9545658825 0.8656177985
0.1991615854 0.5748424068
0.3573133934 0.6567080622
0.3371409826 0.6949877901
0.4828933753 0.6743403026
0.08089821029 0.8675579917
0.1597976626 0.7804281975
