5.717338928
5.904425667
26
0.05703212666 0.07886897793
0.2298078804 0.02603325287
0.805080041 0.9787231334
0.861697233 0.9292531358
0.159626574 0.5970455038
0.07287627976 0.4554028928
0.1615831165 0.5149850314
0.2602186759 0.4628840775
0.2092705861 0.9166242906
0.2150761884 0.8322896403
0.3034480768 0.9754595677
0.3658215902 0.9326298368
0.3441463806 0.2732401313
0.3484961579 0.1971362169
0.4882842309 0.4577455081
0.2377169572 0.1385258294
0.4375517679 0.5664988477
0.8058794467 0.3774369518
0.8168573282 0.2857646924
0.7008015936 0.1191585827
0.6364047672 0.09535172018
0.6278147626 0.04515694539
0.8655293351 0.8591978269
0.9527964532 0.7400485098
0.8159287885 0.6895995755
0.5305908316 0.1180560119
