4.656471039
4.825437286
20
0.9834362254 0.1002779467
0.05517198622 0.07124241652
0.9305717924 0.1822426871
0.2280989627 0.1026011346
0.24848726 0.158675299
0.5829968617 0.2857567421
0.1958716012 0.7502985275
0.8697069152 0.8637682672
0.7887813533 0.9135345497
0.6532763115 0.9012993877
0.6101693969 0.8496991862
0.5311638997 0.8634529745
0.4148536043 0.6972012384
0.3587136811 0.6786016887
0.3378858261 0.5777584048
0.3807222255 0.5177016985
0.6675422838 0.4601622704
0.585725283 0.4186410137
0.7048519739 0.601848939
0.755473405 0.6290931823
