6.205148881
6.382532365
34
0.01379673406 0.4484445715
0.2143731002 0.7472702487
0.180985157 0.9512085563
0.1235127672 0.881158555
0.1349694209 0.2542917934
0.05443526335 0.7042421589
0.1015984092 0.746197938
0.1613749071 0.726377714
0.04782386072 0.6251764876
0.7066811536 0.1968124079
0.8151600152 0.1703284007
0.6093862465 0.1528741082
0.5418866116 0.2057828034
0.9620489121 0.2965822676
0.8401294195 0.2895765019
0.8322040594 0.4131738692
0.5519241215 0.4111273593
0.5954508585 0.5714065198
0.511655713 0.6863622315
0.5645440687 0.7742743442
0.6013954188 0.7736109503
0.6271720533 0.8117358959
0.6155917434 0.8538882207
0.5348553075 0.8848314688
0.5482824656 0.9143025294
0.7712864655 0.7636444514
0.8174963938 0.7999460861
0.80691774 0.6644857303
0.7654875087 0.6161181593
0.8792255176 0.5833764426
0.3058706291 0.4780872456
0.1091711638 0.5510141469
0.08968627993 0.4677553709
0.4006680276 0.670716665
