6.143383707
6.324201398
30
0.5511343051 0.07757442611
0.9769350439 0.7548115699
0.4076118974 0.08036786978
0.9259994291 0.6614686307
0.04927255193 0.8805006121
0.1612701565 0.8653745959
0.502082049 0.913283865
0.06545582287 0.4431111904
0.1127204233 0.3864624245
0.1042900241 0.1831693117
0.07530786927 0.1246039384
0.2467623769 0.1453201854
0.3595332081 0.199071179
0.387562611 0.2577228342
0.4457311583 0.6922890451
0.3991626215 0.5902299531
0.8111646569 0.6687137163
0.7617906857 0.8042585573
0.7356344684 0.7259782956
0.7708634011 0.6861923966
0.4464112223 0.4093397722
0.4214259971 0.4331050867
0.8505688957 0.0458622479
0.838885846 0.1068577133
0.598831161 0.3435945073
0.570754555 0.4484209323
0.5316392669 0.456385859
0.6618267845 0.5229592844
0.8076052565 0.3580288818
0.9275550731 0.3524385691
