6.670622612
6.854871361
41
0.3218935917 0.1495444707
0.07617375482 0.9799443787
0.1921001384 0.06824632029
0.4582899288 0.9274879892
0.5015272931 0.1861350859
0.05128853384 0.7549707368
0.5399353436 0.08301488919
0.978887597 0.8171586103
0.05636235836 0.5125832827
0.9818324911 0.8469212619
0.8885954693 0.9483551122
0.2302213319 0.9620691133
0.3391143736 0.8358691911
0.283713316 0.7439091913
0.8802836093 0.2259423863
0.8125605327 0.9509003571
0.8457108375 0.9349758955
0.7530489572 0.9045676517
0.6687908752 0.9407879462
0.6616060209 0.7144171876
0.6307149292 0.6879957073
0.2333159154 0.1690057091
0.1890393395 0.1402024514
0.2121453529 0.231081689
0.1562558462 0.2563351789
0.04670488548 0.2284088277
0.6252347794 0.6408606679
0.2680865997 0.4906011035
0.4925264977 0.6168200421
0.3788096698 0.7022378996
0.307824017 0.6853679527
0.291513086 0.5149653525
0.9370580973 0.3221819738
0.8103395481 0.4493688775
0.8658599635 0.4182179126
0.8665569825 0.3615274467
0.6510008172 0.3979783667
0.7172872982 0.439862195
0.8124347248 0.547992991
0.2612089948 0.4041444883
0.1677033053 0.3844762893
