5.519824091
5.720997532
31
0.2602134971 0.9365108433
0.4554372551 0.6164369701
0.5580472371 0.04842389185
0.1078563076 0.4310605596
0.8596319287 0.2262102075
0.8802943437 0.2774846754
0.5146350954 0.8774544415
0.5035872437 0.9259032153
0.8379892843 0.3313928723
0.9388876412 0.4185256491
0.859885415 0.3942766376
0.1343170341 0.7507968197
0.1410510853 0.5995678223
0.06702960127 0.5174496237
0.3899575854 0.557804444
0.3284439002 0.5946646043
0.3045304475 0.7694303334
0.442573424 0.1642085502
0.4799441144 0.09360315227
0.4498115725 0.1756045952
0.4260663274 0.2231240833
0.4446970451 0.3130609119
0.7325969122 0.4910793746
0.619616602 0.8329630261
0.6206794734 0.7665573665
0.6564126009 0.7466824333
0.8067846857 0.7942070883
0.9349658715 0.6616731705
0.3285445802 0.395263665
0.5681711267 0.4378534881
0.5441648943 0.3803200786
