5.352111315
5.507903106
27
0.1108763698 0.2197749966
0.155570723 0.9139473087
0.8365231353 0.6038738331
0.9154825437 0.6021047881
0.234019616 0.8838432078
0.9123613395 0.05717067867
0.8561114918 0.06386628094
0.8734642112 0.2211609403
0.848134801 0.2522833168
0.2595599416 0.4812662271
0.2480325516 0.7829644861
0.4095542774 0.7543732379
0.4548207989 0.8630468345
0.8073112085 0.6701285768
0.6824062873 0.6766945202
0.8776353368 0.7857530322
0.8003312208 0.8545097576
0.8180629993 0.9208419527
0.6955487517 0.4361764939
0.1863959749 0.2438961969
0.2572838252 0.1614876569
0.2955417541 0.1586568834
0.3323716195 0.1039479351
0.6440933525 0.342189188
0.6598704853 0.2751397597
0.6602625173 0.6290712608
0.695256809 0.5805885531
