6.505252521
6.683222897
37
0.01041225915 0.1496031631
0.8906666238 0.1316744867
0.8752463941 0.26284441
0.9319298649 0.6702436434
0.03946177577 0.5120817631
0.1824457378 0.5144313012
0.04805433741 0.8414091692
0.1299535886 0.836707054
0.8034144691 0.9338178881
0.7519144106 0.897234056
0.7192882014 0.744594165
0.7716107394 0.8173836525
0.1890620209 0.8127607203
0.8372722578 0.648183291
0.7996977588 0.6297711355
0.2593386272 0.8590320492
0.2634585174 0.8951287102
0.3243038833 0.901051423
0.2948279765 0.3564117964
0.2284404682 0.3894566262
0.2635572794 0.3835314293
0.4725954393 0.4013548267
0.455796266 0.4515344168
0.2178157927 0.09018987519
0.1050206046 0.06321972055
0.0966062265 0.03064588642
0.6039155978 0.5817423979
0.5405929263 0.6225989968
0.4671629932 0.5849107408
0.2601416481 0.04508338946
0.4338644934 0.06390453083
0.6790967376 0.4679623953
0.7304924221 0.5564009801
0.7753135067 0.4278566153
0.4777022441 0.2160721398
0.5100285796 0.2692383076
0.6730447467 0.2663730309
