6.082185432
6.248382399
40
0.4730379563 0.09247013931
0.3851419724 0.09651639075
0.08503708715 0.5634069301
0.4624718678 0.7688668059
0.08085726906 0.1060964235
0.1083607006 0.09663704247
0.8459140145 0.08512230429
0.8809246595 0.1821989124
0.8833880069 0.04072783359
0.9500294686 0.3555996065
0.5290285209 0.1754790091
0.110526352 0.2088459825
0.08212388698 0.1844013677
0.07636763571 0.4000928148
0.1379874694 0.4431067393
0.1400786281 0.524776774
0.1547785965 0.4959534824
0.6173074867 0.1972987852
0.6021431231 0.3064032647
0.2436486787 0.4147976699
0.2313981776 0.3723932833
0.6442427106 0.4518839403
0.5786744788 0.5240540304
0.6672306476 0.4831830528
0.6982186093 0.4815344825
0.7462164177 0.6739168997
0.7766143347 0.5887705046
0.3509174554 0.531884356
0.9248043307 0.5318076367
0.2559643555 0.6430085957
0.2845781251 0.6514892091
0.9587840806 0.6900173657
0.9218484837 0.6967543559
0.2168282834 0.8603218527
0.2143380678 0.9183598473
0.2728499327 0.9624681403
0.4030071118 0.995962283
0.890405576 0.9073933616
0.5861412918 0.8471189207
0.7099182763 0.8780388655
