4.669385652
4.787862771
20
0.171796883 0.9874428589
0.1936318252 0.1147724036
0.9397387819 0.5869734851
0.7629055043 0.5393377323
0.8825827233 0.5122141865
0.07152583284 0.5838691299
0.02345446783 0.6323466726
0.1472075618 0.6038071227
0.3270034226 0.7364898636
0.3915485179 0.6989271754
0.2911565358 0.07160248459
0.3343168301 0.4605152888
0.2614810083 0.4676665194
0.2175826118 0.4055841403
0.3709238505 0.2709582972
0.4202602711 0.1386639624
0.8575334091 0.1587530237
0.7369027005 0.1336642409
0.657323659 0.2228285047
0.9084912494 0.2379810527
