5.52036898
5.699439102
26
0.4269293107 0.7863648195
0.6622916951 0.3556535525
0.9600296674 0.3767104786
0.8039288487 0.9715522545
0.9242170406 0.9206198991
0.9050545981 0.6880714829
0.07969790534 0.531414178
0.02249670683 0.5892074008
0.2445038476 0.508366386
0.4117011956 0.5000608082
0.5328557154 0.7030013804
0.7219927616 0.7793607449
0.8153454261 0.678854015
0.7194338184 0.572346444
0.6943255252 0.58535449
0.7211528386 0.3881744856
0.8016068797 0.3491046667
0.8247560686 0.1097051775
0.582205 0.06429720039
0.4011887564 0.3018184108
0.269243978 0.07919030574
0.2589897078 0.1240232343
0.3171154257 0.1780052168
0.3014837733 0.246348721
0.1215120809 0.1384085066
0.3460045706 0.01150040593
