4.607990921
4.734662765
19
0.8113510719 0.2777792107
0.7707164109 0.627855185
0.6746530622 0.1586692996
0.3312243351 0.2881337332
0.7193002742 0.260727451
0.631002177 0.321444694
0.1657373188 0.2206970439
0.1415729252 0.2628927656
0.1211531785 0.5226524282
0.07514358139 0.5428305397
0.2470747622 0.8480423696
0.5199015523 0.9512771535
0.5022492193 0.8847747685
0.1906953703 0.5789233669
0.2366117274 0.5622602767
0.2720000217 0.5920115854
0.6052508919 0.5396630722
0.6516698701 0.4191222356
0.1550137883 0.6788176866
