6.249653001
6.439719984
32
0.07458562995 0.1954122708
0.1845358381 0.2859849639
0.2934220805 0.1238499074
0.9120348024 0.8898882077
0.5247284276 0.5838799243
0.4124476888 0.5270267981
0.3254948111 0.2985609031
0.3468569499 0.2571525231
0.2589904151 0.3170429035
0.1156173904 0.6146266721
0.07308429806 0.7092356549
0.1079975628 0.7607643951
0.2534459327 0.8684914251
0.2573516946 0.8059857153
0.2384171646 0.8759597614
0.2358990956 0.9162575813
0.396438649 0.7948246112
0.4748685377 0.8823595171
0.4641589825 0.9439679455
0.6484705964 0.111101446
0.6916500961 0.1852297508
0.5305734639 0.2021291511
0.928331886 0.5567690859
0.8617757945 0.8077205716
0.7467090763 0.7544226946
0.8237529267 0.8164176957
0.6221729307 0.8620588114
0.7563096291 0.6531744436
0.8396234468 0.2475503354
0.8502477099 0.3392365732
0.9856276075 0.3937206784
0.9636930906 0.3637413356
