5.67313876
5.791331291
30
0.8911420349 0.2553481649
0.6818646032 0.04049209672
0.02884320573 0.8276420367
0.06102543859 0.7632774745
0.8894850092 0.2978377769
0.2253882321 0.783539066
0.6283892105 0.5696275601
0.5907861428 0.5704745697
0.785199374 0.3142323139
0.8208369973 0.3235790186
0.5832377739 0.3120380741
0.8968605202 0.7453829727
0.5802082153 0.101118748
0.5761328573 0.1649351941
0.5320898212 0.7154211727
0.5296313895 0.6209617184
0.5518219298 0.6314859955
0.602610154 0.8672476716
0.7107176342 0.8878914025
0.4665273091 0.510253778
0.3566455907 0.524499158
0.2653476171 0.8147752335
0.366840532 0.789236052
0.4070601496 0.9151946087
0.4467621181 0.3120113274
0.3102121232 0.3352201777
0.5199498292 0.1969281885
0.5249893542 0.2498302257
0.2701751642 0.4733546482
0.145912863 0.5222684571
