6.094139846
6.308149953
38
0.9547879075 0.8038789774
0.8099688002 0.09532145324
0.8995604388 0.05416422425
0.9612194179 0.08280032515
0.9333816406 0.1798367369
0.4170207086 0.9132715927
0.4302235392 0.8590924253
0.364979032 0.7792191841
0.3897436237 0.741136695
0.4351678027 0.625205279
0.559872834 0.6749724552
0.3104136051 0.5579994332
0.6000016604 0.7783409218
0.7020440417 0.5762806656
0.7024632546 0.5407486546
0.3205408719 0.4492637943
0.7816967779 0.4638842059
0.7560974398 0.4069412001
0.2269750036 0.3978812259
0.4506885364 0.4300626853
0.4657580277 0.3383619459
0.8070086906 0.3003282685
0.794029486 0.2888943869
0.8027257178 0.2456805207
0.1271300627 0.5291006652
0.07509093922 0.7162151836
0.1105195119 0.9616584421
0.05360682531 0.9404762522
0.7702823237 0.8042005009
0.8357186144 0.7778868239
0.7799521086 0.6510487244
0.8040310237 0.6515577444
0.1761949093 0.3260247086
0.2113010386 0.225551333
0.2687978759 0.2165395951
0.3462957723 0.1221402512
0.339411013 0.1421702396
0.2922345569 0.1513669033
