5.444450389
5.61712452
26
0.8988022329 0.9141241308
0.8065801361 0.7063451361
0.9075558413 0.1281961675
0.07861346459 0.8234457912
0.4861045145 0.4156074677
0.5059227716 0.3853156004
0.5445703082 0.7345837942
0.5977967958 0.7865250157
0.4482421506 0.846241415
0.4691340848 0.7561936988
0.3314288182 0.8623724739
0.3771260261 0.8783028593
0.3045281733 0.780343792
0.05395849834 0.2870232343
0.07795788991 0.1058571479
0.1206167476 0.1854438492
0.3224822007 0.2578594313
0.2621725784 0.4613871637
0.2894579406 0.4272452627
0.267606993 0.5417431866
0.1804352207 0.5788625778
0.3860062975 0.5889920212
0.7803339174 0.485801661
0.7396141625 0.541536898
0.6786204343 0.5323136381
0.6170970789 0.5803637835
