5.714735044
5.886229046
30
0.9583536822 0.4630800594
0.9533907556 0.4177479749
0.9826634022 0.9269808353
0.9671010508 0.9202565792
0.6533968895 0.9327138133
0.6271891622 0.968057914
0.4887131392 0.6019112637
0.9216251201 0.03859146766
0.8143381853 0.1209567206
0.5460629454 0.04262306399
0.7678224201 0.7087305017
0.7333502114 0.604447756
0.7140166647 0.6224182442
0.6815032839 0.612420413
0.6035618779 0.5633860579
0.5599722696 0.4660653732
0.0968822132 0.6368370888
0.1443813948 0.6694934107
0.1369521304 0.7308497916
0.232015846 0.8255511417
0.3193160494 0.8246296616
0.208780569 0.9176851032
0.01767683076 0.940281423
0.2121143048 0.1452855078
0.3001051714 0.3067170471
0.3131823027 0.2308766542
0.4092478558 0.3472027003
0.1638490974 0.3808298892
0.1771341876 0.4678750266
0.09124924182 0.5215924007
