5.522830316
5.736753109
28
0.01659705327 0.6700450422
0.4992325822 0.9440228191
0.07397543411 0.7126435883
0.1784888537 0.695010334
0.1371049318 0.1340630399
0.8460793676 0.8081229239
0.9227200124 0.379929745
0.827478368 0.2897239249
0.6500509069 0.7336166052
0.6361880422 0.6820682136
0.9290126686 0.1093215721
0.227613723 0.9066739827
0.1477728435 0.9302197809
0.2594009359 0.758856313
0.8203963256 0.08562343811
0.8494094735 0.1237763584
0.6494147255 0.1114594389
0.601855794 0.06416806711
0.6100533036 0.02263199664
0.2379257374 0.210343487
0.1200680716 0.4220761203
0.2613921212 0.497477724
0.2805090098 0.5856390637
0.3499107483 0.6487234317
0.5406243919 0.6433366306
0.5124747459 0.6638428356
0.5429616372 0.5922045958
0.495029392 0.4887815814
