4.932758774
5.086310012
26
0.1216442903 0.8362711189
0.2461751605 0.886256744
0.2871329684 0.8859938067
0.1129333324 0.06739666246
0.9609070652 0.351689673
0.8596383761 0.3129638565
0.07218848741 0.4865384586
0.7280004444 0.1868339014
0.7300552942 0.1294288524
0.5257874531 0.2170989736
0.1249747816 0.09551700234
0.3234834331 0.1707581044
0.329839255 0.2098199975
0.4020699183 0.2371977196
0.2907308962 0.5129291361
0.3081468238 0.5309652869
0.3893214033 0.5107296067
0.3872591284 0.7159045368
0.3930530575 0.7502721393
0.463035753 0.6215285902
0.5188832127 0.8335275015
0.5412933526 0.8424612231
0.5527035607 0.9210066175
0.6714317923 0.6967460031
0.6314852343 0.650016211
0.7142887045 0.7634859876
