4.967095781
5.136214082
26
0.342779542 0.1715411531
0.3883702558 0.9660335083
0.13093465 0.8750629085
0.1575823611 0.8369212459
0.6177217557 0.07858490771
0.5765546965 0.02904052505
0.5803817269 0.1796561764
0.9338867632 0.2826450885
0.9246520374 0.2355194849
0.7010855112 0.2852971456
0.6628590507 0.3971438195
0.9150376636 0.6577917504
0.8661054656 0.5249840642
0.753118076 0.5063590305
0.315341805 0.8809159846
0.04572406608 0.01932834565
0.1156990175 0.02067817631
0.188439268 0.1524746926
0.3608529867 0.8177373536
0.1393113231 0.2609974827
0.08337647261 0.2901742058
0.658960385 0.6570899525
0.172186667 0.4531863838
0.2086801742 0.5095002074
0.3757681053 0.5667707083
0.4484761906 0.7221372749
