5.023550188
5.218575358
28
0.05259589409 0.07339953383
0.1012487281 0.1044772974
0.08835627681 0.1492360004
0.6411745032 0.9417836863
0.1814862484 0.3181431856
0.109747001 0.2651174207
0.1000482165 0.904079389
0.1820091657 0.4730042053
0.09126832652 0.8222713036
0.9691803455 0.8790942143
0.8717667723 0.8975253873
0.1051285609 0.55046309
0.1683205815 0.7286793503
0.3469686228 0.7307772765
0.3744001944 0.6788286058
0.836059757 0.7072945925
0.8208265994 0.8420461848
0.7538428424 0.8487443748
0.7337926074 0.8836762635
0.7122056315 0.641628317
0.6272679912 0.7340717726
0.6626863396 0.7196924628
0.6684251531 0.6783541255
0.8954526518 0.4568323198
0.7462270495 0.3809379127
0.8077719406 0.2601702341
0.7453668044 0.1084071904
0.7048871016 0.08274486057
