4.35780796
4.511367489
19
0.3892134671 0.1214870809
0.8277361725 0.1972828818
0.9183447629 0.1668317864
0.2825565659 0.1658118176
0.7911866614 0.3694014862
0.9163988372 0.584685969
0.3024078154 0.4246357519
0.799555971 0.7816531715
0.7983593531 0.7123279466
0.1645476201 0.5843295425
0.662712445 0.866088964
0.5657299429 0.8254175305
0.1912150106 0.6087283388
0.1677510092 0.662096496
0.183994425 0.6842361953
0.1670499552 0.7227758763
0.1189694238 0.7280557222
0.2479927233 0.8495429556
0.4538795742 0.9418091616
