6.719510819
6.953979314
38
0.6995573799 0.9524886971
0.9537783802 0.5529189662
0.9356807306 0.5903420644
0.04039790361 0.8496414093
0.09912923165 0.8554603166
0.4613036655 0.2378824238
0.4210627033 0.3342446647
0.7262180807 0.07951840996
0.7227714379 0.1373476746
0.7802296622 0.2013992191
0.235821202 0.7017720338
0.2749693027 0.7489575274
0.2491518272 0.8499550775
0.3853048495 0.7434908472
0.2085382341 0.8659923909
0.157022534 0.8296403798
0.446071819 0.9028502476
0.1249809054 0.2994771057
0.2559809479 0.2843879959
0.09109307 0.09433776802
0.2192934552 0.08965019217
0.6714862138 0.6900241895
0.7534481119 0.7548719273
0.7267432735 0.8161945127
0.7519497899 0.9296331792
0.9246265255 0.8678801651
0.9331662658 0.2391280621
0.8647893274 0.1778977619
0.9221092933 0.1016180309
0.4887500236 0.5189465053
0.8676088702 0.4214248931
0.2508741479 0.5957685899
0.1707277931 0.542531902
0.1733385561 0.5009636772
0.1044100534 0.4551783736
0.6288074424 0.6096824992
0.6591846509 0.6278223822
0.4724769371 0.5518189366
