6.117819783
6.363344602
32
0.9504479793 0.8525973642
0.9558252241 0.8834269681
0.1909537573 0.7148271754
0.9223230199 0.05299059052
0.9753168491 0.3515577146
0.385757059 0.5082793684
0.8213966312 0.8452210236
0.06776034148 0.7761745209
0.07259991517 0.8698810525
0.1187849976 0.5447144058
0.1435159808 0.5001117596
0.101598037 0.3685683333
0.1911360827 0.2457440674
0.3201138475 0.2732537585
0.333150476 0.3123428642
0.419891187 0.1540643072
0.5532332015 0.163618688
0.7077693039 0.2752623148
0.5731549383 0.3909429567
0.6189734456 0.4196929157
0.5839612949 0.509276643
0.6133342907 0.5754802648
0.7836176429 0.5548242006
0.7141242923 0.6028085499
0.8724617602 0.4142004161
0.9089165765 0.5607502225
0.7287364737 0.7648476579
0.5960234118 0.8129025733
0.3281601672 0.8719396668
0.3413565073 0.9399109783
0.1712376369 0.873917671
0.2141904035 0.9679337989
