grafos/problemas/6.txt
40 100.000000 100.000000 300 1
1545.380981
4
500.000000 175.000000
400.000000 133.333328
107.407410 119.444443
614.814819 150.000000
10
000000010
00001000
0000001
000010
00100
0001
101
10
0
1637.055786
1637.055786
1637.055786
1637.055786
1637.055786
1637.055786
1637.055786
1624.843262
1624.843262
1570.455566
1570.455566
1570.455566
1570.455566
1570.455566
1570.455566
1570.455566
1570.455566
1570.455566
1570.455566
1570.455566
1570.455566
1570.455566
1570.455566
1570.455566
1570.455566
1570.455566
1570.455566
1570.455566
1570.455566
1570.455566
1570.455566
1570.455566
1570.455566
1570.455566
1570.455566
1570.455566
1570.455566
1570.455566
1570.455566
1570.455566
1570.455566
1570.455566
1570.455566
1570.455566
1570.455566
1570.455566
1570.455566
1570.455566
1570.455566
1570.455566
1570.455566
1570.455566
1570.455566
1570.455566
1570.455566
1570.455566
1570.455566
1570.455566
1570.455566
1570.455566
1570.455566
1570.455566
1570.455566
1570.455566
1570.455566
1570.455566
1570.455566
1570.455566
1570.455566
1570.455566
1570.455566
1546.043945
1546.043945
1546.043945
1546.043945
1546.043945
1546.043945
1546.043945
1546.043945
1546.043945
1546.043945
1546.043945
1546.043945
1546.043945
1546.043945
1546.043945
1546.043945
1546.043945
1546.043945
1546.043945
1546.043945
1546.043945
1546.043945
1546.043945
1546.043945
1546.043945
1546.043945
1546.043945
1546.043945
1546.043945
1546.043945
1546.043945
1546.043945
1546.043945
1546.043945
1546.043945
1546.043945
1546.043945
1546.043945
1546.043945
1546.043945
1546.043945
1546.043945
1546.043945
1546.043945
1546.043945
1546.043945
1546.043945
1546.043945
1546.043945
1546.043945
1546.043945
1546.043945
1546.043945
1546.043945
1546.043945
1546.043945
1546.043945
1546.043945
1546.043945
1546.043945
1546.043945
1546.043945
1546.043945
1546.043945
1546.043945
1546.043945
1546.043945
1546.043945
1546.043945
1546.043945
1546.043945
1546.043945
1546.043945
1546.043945
1546.043945
1546.043945
1546.043945
1546.043945
1546.043945
1546.043945
1546.043945
1546.043945
1546.043945
1546.043945
1546.043945
1546.043945
1546.043945
1546.043945
1546.043945
1546.043945
1546.043945
1546.043945
1546.043945
1546.043945
1546.043945
1546.043945
1546.043945
1546.043945
1546.043945
1546.043945
1546.043945
1546.043945
1546.043945
1546.043945
1546.043945
1546.043945
1546.043945
1546.043945
1546.043945
1546.043945
1546.043945
1546.043945
1546.043945
1546.043945
1546.043945
1546.043945
1546.043945
1546.043945
1546.043945
1546.043945
1546.043945
1546.043945
1546.043945
1546.043945
1546.043945
1546.043945
1546.043945
1546.043945
1546.043945
1546.043945
1546.043945
1546.043945
1546.043945
1546.043945
1546.043945
1546.043945
1546.043945
1546.043945
1546.043945
1546.043945
1546.043945
1546.043945
1546.043945
1546.043945
1546.043945
1546.043945
1546.043945
1546.043945
1546.043945
1546.043945
1546.043945
1546.043945
1546.043945
1546.043945
1546.043945
1546.043945
1546.043945
1546.043945
1546.043945
1546.043945
1546.043945
1546.043945
1546.043945
1546.043945
1546.043945
1546.043945
1546.043945
1546.043945
1546.043945
1546.043945
1546.043945
1546.043945
1546.043945
1546.043945
1546.043945
1546.043945
1546.043945
1546.043945
1546.043945
1546.043945
1546.043945
1546.043945
1546.043945
1546.043945
1546.043945
1546.043945
1546.043945
1546.043945
1546.043945
1546.043945
1546.043945
1546.043945
1545.380981
1545.380981
1545.380981
1545.380981
1545.380981
1545.380981
1545.380981
1545.380981
1545.380981
1545.380981
1545.380981
1545.380981
1545.380981
1545.380981
1545.380981
1545.380981
1545.380981
1545.380981
1545.380981
1545.380981
1545.380981
1545.380981
1545.380981
1545.380981
1545.380981
1545.380981
1545.380981
1545.380981
1545.380981
1545.380981
1545.380981
1545.380981
1545.380981
1545.380981
1545.380981
1545.380981
1545.380981
