grafos/problemas/estein80.3
10.602475
50 90.000000 0.000000 400 1553522268
5.872479988
78
0.371767 0.661252
0.380508 0.657781
0.191006 0.451402
0.507244 0.667568
0.419855 0.642169
0.472493 0.682733
0.452044 0.667644
0.265856 0.577491
0.203717 0.602170
0.508640 0.799218
0.848146 0.116693
0.800484 0.630612
0.816182 0.875424
0.802079 0.782608
0.955779 0.331925
0.864552 0.316154
0.097546 0.837393
0.179595 0.321414
0.604332 0.085290
0.510371 0.119514
0.383141 0.168348
0.357184 0.202789
0.725320 0.582205
0.739262 0.591897
0.092396 0.869688
0.110364 0.934014
0.118834 0.891142
0.116397 0.906421
0.781179 0.105217
0.796634 0.102961
0.526842 0.134253
0.087743 0.066660
0.193138 0.674343
0.130188 0.699344
0.128210 0.712837
0.534155 0.989890
0.523022 0.319098
0.112086 0.441835
0.108514 0.458478
0.129708 0.483812
0.156262 0.479171
0.393293 0.287875
0.451813 0.863286
0.102347 0.806046
0.483044 0.121994
0.465446 0.160054
0.280990 0.404432
0.220719 0.408543
0.242799 0.410372
0.450832 0.161381
0.394826 0.169784
0.369286 0.135703
0.270239 0.547588
0.747428 0.248130
0.741957 0.251270
0.439353 0.825620
0.469998 0.791219
0.462746 0.769296
0.564988 0.620156
0.610459 0.636240
0.388751 0.316152
0.407197 0.331157
0.950594 0.918802
0.824743 0.918703
0.837335 0.922992
0.302417 0.349074
0.898762 0.132585
0.920244 0.112853
0.285735 0.526134
0.316008 0.447922
0.747579 0.189673
0.541197 0.640489
0.588007 0.125021
0.090578 0.271649
0.862125 0.722692
0.840427 0.641361
0.749508 0.065121
0.693699 0.073268
158
0000000000000000000000000000000000000000000000000000000000000000000000000000000010000000000000000000000000000000000000000000000000000000000000000000000000000
000000000000000000000000000000000000000000000000000000000000000000000000000000001000000000000000000000000000000000000000000000000000000000000000000000000000
00000000000000000000000000000000000000000000000000000000000000000000000000000000000000000000000000000000000000000000000000000010000000000000000000000000000
0000000000000000000000000000000000000000000000000000000000000000000000000000000000100000000000000000000000000000000000000000000000000000000000000000000000
000000000000000000000000000000000000000000000000000000000000000000000000000000000001000000000000000000000000000000000000000000000000000000000000000000000
00000000000000000000000000000000000000000000000000000000000000000000000000000000000000000000000000000000000000000000001000000000000000000000000000000000
0000000000000000000000000000000000000000000000000000000000000000000000000000000000000000000000000000000010000000000000000000000000000000000000000000000
000000000000000000000000000000000000000000000000000000000000000000000000000000000100000000000000000000000000000000000000000000000000000000000000000000
00000000000000000000000000000000000000000000000000000000000000000000000000000000010000000000000000000000000000000000000000000000000000000000000000000
0000000000000000000000000000000000000000000000000000000000000000000000000000000000000000000000000000000000000000000000000100000000000000000000000000
000000000000000000000000000000000000000000000000000000000000000000000000000000001000000000000000000000000000000000000000000000000000000000000000000
00000000000000000000000000000000000000000000000000000000000000000000000000000000000000000000000000000000000000000000000000100000000000000000000000
0000000000000000000000000000000000000000000000000000000000000000000000000000000000000000000000000000000100000000000000000000000000000000000000000
000000000000000000000000000000000000000000000000000000000000000000000000000000000000000000000000000000000000000000000000000000001000000000000000
00000000000000000000000000000000000000000000000000000000000000000000000000000000000000000010000000000000000000000000000000000000000000000000000
0000000000000000000000000000000000000000000000000000000000000000000000000100000000000000000000000000000000000000000000000000000000000000000000
000000000000000000000000000000000000000000000000000000000000000000000000000010000000000000000000000000000000000000000000000000000000000000000
00000000000000000000000000000000000000000000000000000000000000000000000000000100000000000000000000000000000000000000000000000000000000000000
0000000000000000000000000000000000000000000000000000000000000000000000000000010000000000000000000000000000000000000000000000000000000000000
000000000000000000000000000000000000000000000000000000000000000000000000000001000000000000000000000000000000000000000000000000000000000000
00000000000000000000000000000000000000000000000000000000000000000000000000000100000000000000000000000000000000000000000000000000000000000
0000000000000000000000000000000000000000000000000000000000000000000000000000010000000000000000000000000000000000000000000000000000000000
000000000000000000000000000000000000000000000000000000000000100000000000000000000000000000000000000000000000000000000000000000000000000
00000000000000000000000000000000000000000000000000000000000000000000000000000100000000000000000000000000000000000000000000000000000000
0000000000000000000000000000000000000000000000000000000000000000000000000000001000000000000000000000000000000000000000000000000000000
000000000000000000000000000000000000000000000000000000000000000000000000000000000100000000000000000000000000000000000000000000000000
00000000000000000000000000000000000000000000000000000000000000000000000000000000000000000001000000000000000000000000000000000000000
0000000000000000000000000000000000000000000000000000000000000000000000000000000001000000000000000000000000000000000000000000000000
000000000000000000000000000000000000000000000000000000000000000000000000000000000100000000000000000000000000000000000000000000000
00000000000000000000000000000000000000000000000000000000000000000000000000000000010000000000000000000000000000000000000000000000
0000000000000000000000000000000000000000000000000000000000000000000000000000000000010000000000000000000000000000000000000000000
000000000000000000000000000000000000000000000000000000000000000000000000000000000001000000000000000000000000000000000000000000
00000000000000000000000000000000000000000000000000000000000000000000000000000000000100000000000000000000000000000000000000000
0000000000000000000000000000000000000000000000000000000000000000000000000000000000010000000000000000000000000000000000000000
000000000000000000000000000000000000000000000000000000000001000000000000000000000000000000000000000000000000000000000000000
00000000000000000000000000000000000000000000000000000000000000000010000000000000000000000000000000000000000000000000000000
0000000000000000000000000000000000000000000000000000000000000000000000000000000000010000000000000000000000000000000000000
000000000000000000000000000000000000000000000000000000000000000000000000000000000001000000000000000000000000000000000000
00000000000000000000000000000000000000000000000000000000000000000000000000000000000100000000000000000000000000000000000
0000000000000000000000000000000000000000000000000000000000000000000000000000000000010000000000000000000000000000000000
000000000000000000000000000000000000000000000000000100000000000000000000000000000000000000000000000000000000000000000
00000000000000000000000000000000000000000000000000000000000000000000000000000100000000000000000000000000000000000000
0000000000000000000000000000000000000000000000000000000000000000000000000000000000100000000000000000000000000000000
000000000000000000000000000000000000000000000000000000000000000000000000000000000000000000010000000000000000000000
00000000000000000000000000000000000000000000000000000000000000000000000000000000000000000000000001000000000000000
0000000000000000000000000000000000000000000000000000000000000000000000000000000000100000000000000000000000000000
000000000000000000000000000000000000000000000001000000000000000000000000000000000000000000000000000000000000000
00000000000000000000000000000000000000000000000000000000000000000000000000000000001000000000000000000000000000
0000000000000000000000000000000000000000000000000000000000000000000000000000000000100000000000000000000000000
000000000000000000000000000000000000000000000000000000000000000000000000000000000010000000000000000000000000
00000000000000000000000000000000000000000000000000000000000000000000000000000000000100000000000000000000000
0000000000000000000000000000000000000000000000000000000000000000000000000000000000000000000100000000000000
000000000000000000000000000000000000000000000000000000000000000000000000000000000000100000000000000000000
00000000000000000000000000000000000000000000000000000000000000010000000000000000000000000000000000000000
0000000000000000000000000000000000000000000000000000000000000000000000000000000000001000000000000000000
000000000000000000000000000000000000000000000000000000000000000000000000000000000000010000000000000000
00000000000000000000000000010000000000000000000000000000000000000000000000000000000000000000000000000
0000000000000000000000000000000000000000000000000000000000000000000000000000000000000010000000000000
000000000000000000000000000000000000000000000000000000000000000000000000000000000000000000000001000
00000000000000000000100000000000000000000000000000000000000000000000000000000000000000000000000000
0000000000000000000000000000000000000000000000000000000000000000000000000000000000001000000000000
000000000000000000000000000000000000000000000000000000000000000000000000000000000000100000000000
00000000000000000000000000000000000000000000000000000000000000000000000000000000000010000000000
0000000000000000000000000000000000000000000000001000000000000000000000000000000000000000000000
000000000000000000000000000000000000000000000000000000000000000000000000000000000001000000000
00000000000000000000000000000000000000000000000000000000000000000000000000000000000100000000
0000000000000000000000000000000000000001000000000000000000000000000000000000000000000000000
000000000000000000000000000000000000000000000000000000000000000000000000000000000010000000
00000000000000000000000000000000000000000000000000000000000000000000000000000010000000000
0000000000000000000000000000000000000000000000000000000000000000000000000000000001000000
000000000000000000000000000000000010000000000000000000000000000000000000000000000000000
00000000000000000000000000000000000000000001000000000000000000000000000000000000000000
0000000000000000000000000000000000000000000000000000000000000000000000000000000000010
000000000000000000000000000000100000000000000000000000000000000000000000000000000000
00000000000000000000000000000000000000100000000000000000000000000000000000000000000
0000000000000000000000000000000000000000000000000000000000000000000000000000100000
000000000000000000000000000000000000000000000000000000000000000000000000000010000
00000000000000000000000000000000000000000000000000000000000000000000000000000100
0000000000000000000000000000000000000000000000000000000000000000000000000000001
000000000000000000000000000000000000000000000000000000000010000000000000000000
10000010000000000000000000000000000000000000000000000000000000000000000000000
0010000000000000000000000000000000000000000000000000000000000000000000000000
000000000000000000000000000000000000010000001000000000000000000000000000000
01000000000000000000000000000000000000000000000000000000000000000001000000
0100000000000000000000000000000000000000000000000000000000000000000000000
100000000000000000000000000000000000000000000000000100000000000000000000
00000000000000000000000000000000000000000000000000000000000000000000000
1000000000000000000000000000000000000000000010000000000000000000000000
000000000000000000000001000000000000000000000000000000000000000000000
00000000000000000000000000000000000000000000001000000000000000000000
0000000000000000001000000000000000000000000000000000000100000000000
000000000001000000000000000000000000000000000000000000000000000100
10000000000000000000000000000000000000000000000000100000000000000
0000000000000000000000000000000000000000000000000000000000001000
100000000000000000000000000000000000000000000000000000000000000
00000000000000000000000000000000000001000000000000000000000000
0000000100000000000000000010000000000000000000000000000000000
000000000000000000000000000001000000000000000000000000010000
00000000000000000000000000000000000000000000000000000100001
0000000000100000000000001000000000000000000000000000000000
100000000000000000000000000001100000000000000000000000000
00000000000000000001000000000000000000000000000000000000
1000000000000000000000000000000000001000000000000000000
000000000000000000000000000000000000000000000000000000
01000000000000000000000000000000000000000000000000000
0100000000000000000000000000000000000000000000000000
100000000000000000000000000000000000000000000000000
00000000000000000000000000000000000000000000000000
1000000000000000000000000000000000000000010000010
000000000000000000000000000000000000000000000000
00000000000000000000000000000000000000000100000
0000000000000000000000000000000000000000010000
100000000000000000000000000000000000000000000
10000000000000000000000000000000000000000000
0000000010000000000000000000000000000000000
000000100000000000000000000000000000000000
00000000000000000000000010000000000000000
1000000000000000000000000000000000000000
100000000000000000000000000000000000000
10000000000000000000000000000000000000
0000000000000000000000000000000000000
000000000000000000100000000000000000
00000000000010000000000000000000000
0000000000000000000000000000000000
100000000000000000000000000000000
00010000000000000000000000000000
0100000000000000001000100000000
100000000000000000000000000000
00000000000000000000000000000
1000000000000000000000000000
000000000000000000000000000
00000000000000000000000000
0000000000000001000000000
100000000000000010000000
00000000000000000000000
1000000000000000000000
100000000000000000000
00000000000000000000
1000000000001000000
000000000000000000
10001000000000000
0000000000000000
010000000000000
10000000000000
0000000000000
000000000000
10000000000
0000000000
100000000
00000000
0000000
000000
00000
0000
100
00
1
10.917608966
7.637715950
6.971089992
6.566579329
6.220162144
6.122206391
6.037839891
6.037839891
6.037839891
6.002607289
6.002607289
5.984523378
5.949615951
5.949615951
5.949615951
5.949615951
5.942853764
5.936313797
5.936313797
5.903603835
5.903603835
5.903603835
5.903603835
5.903603835
5.903603835
5.903060365
5.898609089
5.892250832
5.892250832
5.892250832
5.892250832
5.892250832
5.892250832
5.891032834
5.888505104
5.888505104
5.888505104
5.885838355
5.882237139
5.882237139
5.881323633
5.879789899
5.879789899
5.879789899
5.879789899
5.876683096
5.876683096
5.876683096
5.876683096
5.876683096
5.874611494
5.874611494
5.874611494
5.874611494
5.874611494
5.874611494
5.874611494
5.873572223
5.873572223
5.873572223
5.873572223
5.873572223
5.873572223
5.873572223
5.873572223
5.873528582
5.873247280
5.873247280
5.873247280
5.873247280
5.873247280
5.873247280
5.873247280
5.873247280
5.873247280
5.873247280
5.873247280
5.873247280
5.873247280
5.873247280
5.873247280
5.873208422
5.873208422
5.873208422
5.873176553
5.873176553
5.873176553
5.872994899
5.872994899
5.872994899
5.872994899
5.872994899
5.872994899
5.872994899
5.872994899
5.872994899
5.872994899
5.872994899
5.872994899
5.872994899
5.872994899
5.872994899
5.872994899
5.873176335
5.873176335
5.873176335
5.873176335
5.873176091
5.873176091
5.873176091
5.873176091
5.873176091
5.873176091
5.873176091
5.873176091
5.873176091
5.873176091
5.873176091
5.873176091
5.872980924
5.872980924
5.872980924
5.872980924
5.872980924
5.872980924
5.872980924
5.872980606
5.872482145
