100
.8260335 .6632083
.7795002 .4186003
.3784093 .3486868
.3040273 .7436103
.6104926 .5966689
.2188777 .0805533
.4455871 .2348361
.5589607 .4204411
.9374922 .6284872
.7624032 .8820158
.9844575 .5880831
.6253289 .4994880
.7199054 .6611655
.9593785 .8895129
.0681819 .8402400
.2242076 .4699371
.4011239 .3325501
.9913165 .9677405
.3747973 .2767598
.7136286 .6764531
.5880339 .7061871
.3686272 .9486745
.0955237 .6366777
.7405140 .3191844
.1258594 .3252535
.2251473 .9680575
.3842439 .3665946
.0843865 .4081949
.5332093 .6690040
.2352926 .7123048
.0028173 .2180332
.3133395 .6126287
.0320677 .0702046
.4637711 .6821534
.3208000 .8345278
.8454059 .7456975
.0988758 .0465557
.1179481 .8176581
.7070428 .8068434
.3561233 .3023598
.5292593 .7686408
.2081139 .9424205
.6045528 .3817469
.1957455 .0173443
.4503607 .0314632
.5310576 .4732179
.2089042 .5917880
.5772101 .8369499
.5311429 .6161704
.1775101 .7044802
.6743932 .0305763
.7686268 .9988353
.8324366 .3230915
.9241734 .7153451
.1510384 .8300727
.3717067 .0897948
.3049105 .2267492
.4062100 .5603011
.7094322 .6034467
.9902101 .0022952
.8845484 .8480349
.8762230 .8927110
.3393577 .1990786
.1901462 .6363320
.4516259 .9582691
.6409136 .5337891
.7119894 .0683198
.6261146 .9939449
.6105820 .6244016
.9267581 .7378871
.2744035 .8816556
.5558335 .9895100
.3145920 .8741323
.9612044 .0182224
.4990297 .7349432
.6875581 .8497133
.8000489 .0042721
.4660420 .3854691
.7395835 .8694329
.4027469 .4028855
.1125715 .0751872
.5447585 .7149068
.1489209 .2863097
.8689901 .8581631
.6975614 .5287065
.1058491 .6961087
.4931696 .9685215
.4058721 .8507217
.0947359 .1364009
.4992040 .4324283
.4503896 .6296977
.6890946 .5801059
.7174747 .6296751
.9528534 .2458284
.1109300 .9919850
.9758428 .7944647
.0142185 .3826426
.6825066 .6058742
.9005486 .5516661
.5070370 .1742820
