70
.2116737 .5511553
.1847690 .3250398
.2116946 .0324893
.3662906 .4859378
.3213961 .0515052
.9169771 .6045645
.1745790 .9072323
.7635875 .9752533
.2136920 .7568479
.4500019 .8711850
.6540694 .7235543
.8075970 .2444030
.2418151 .8318130
.7373927 .4396487
.6451706 .6275326
.9132083 .0840052
.9198076 .0525524
.1339037 .2285951
.4452876 .7175489
.8844617 .2228304
.4530916 .1435906
.0390970 .2779875
.8537942 .2457731
.3711572 .7447011
.3073029 .1759423
.6282293 .2453839
.8382504 .9262639
.5779686 .3621016
.9387803 .5595797
.0096564 .9151050
.8707590 .7519080
.7547507 .2465681
.3140291 .1203599
.1206442 .5551398
.8293588 .6169508
.6568825 .3542163
.7243855 .5835583
.0211338 .6324066
.4257582 .8114031
.1996440 .2980405
.6560132 .4931805
.9676606 .9477719
.5621199 .0981390
.9407836 .8069011
.1042701 .1782606
.7472877 .6780106
.8360112 .6030313
.8105870 .6744006
.7253893 .8343818
.2240676 .1126696
.6040446 .1430030
.6689142 .8391251
.5973259 .1206890
.8982024 .0495812
.5811351 .8864038
.8038311 .8510140
.1155251 .8796927
.5007310 .8635527
.8937110 .3846520
.3966133 .4668993
.6782767 .6691946
.2442254 .1885385
.8216187 .0336132
.2630607 .4815367
.3202220 .7526983
.3226368 .9543856
.1548686 .9177197
.8412145 .1387347
.3314931 .0266988
.6010864 .1950205
