40
.0553967 .1229109
.6885272 .7714234
.4636777 .2471736
.4181382 .3227143
.0202253 .2862235
.0813426 .0163078
.3831161 .0176380
.5482667 .0125117
.8596801 .2522068
.9716154 .7285984
.8191634 .1190831
.7985948 .4389194
.6892854 .1634207
.3986389 .8338770
.2295691 .9864848
.9554242 .9269897
.2233198 .3189442
.6580282 .0019747
.5704675 .5550926
.7791993 .7914821
.0928546 .3148841
.7649808 .2953780
.9670792 .4051899
.9832571 .0363197
.0503616 .9223613
.4805913 .5083292
.6222400 .9133141
.3558930 .4321790
.0768831 .1676946
.7424046 .4591919
.4025756 .9625458
.6501293 .3695488
.0991601 .9740352
.0005526 .7369377
.4210500 .5965131
.2132338 .5603811
.0905223 .4932372
.9959716 .5158894
.1885161 .7087843
.0506915 .2122337
