50
.6193464 .8246551
.3543589 .5630971
.4609102 .7793573
.4736777 .2549159
.2021045 .2869447
.9679722 .1194403
.2195188 .1940263
.4541563 .5178886
.2897818 .9611018
.1758204 .8497492
.2717710 .5558541
.9857837 .1006457
.5526960 .2763026
.8969822 .7535128
.4289056 .7652375
.3247280 .7088495
.4992617 .4749902
.6986876 .1791065
.1816578 .7374244
.7043621 .5854500
.9693753 .0638315
.0878187 .0617602
.0586362 .4564781
.9778250 .9677945
.2245750 .9086448
.4877770 .4755107
.7100756 .8914114
.5848061 .4016286
.5181538 .8989576
.6715938 .5351485
.6489732 .9130426
.0216285 .2077649
.9698125 .2523834
.3323115 .1724516
.7105204 .4321530
.5913657 .3229782
.8858413 .5485416
.7568232 .6742787
.7946503 .9365593
.1833811 .5374637
.3572294 .4767707
.2295142 .1083770
.3354261 .4367432
.1793361 .8269813
.0345063 .0514219
.8272030 .8760404
.1949021 .5367144
.3053693 .0285851
.4195230 .6930454
.6770385 .6190343
