60
.7698660 .5856710
.1239750 .0893725
.0228091 .9920460
.3939830 .3879903
.3388611 .7950548
.8268597 .5060212
.9301313 .6925055
.2976839 .9040006
.5235666 .2250735
.4085185 .2768297
.6373185 .3998772
.8457564 .0680391
.3281528 .1669442
.9627860 .3634560
.3057000 .5394971
.8434285 .3261245
.6152577 .9459436
.8019294 .7459020
.5459591 .8387810
.8376793 .2373158
.4980341 .9641285
.1787021 .5225393
.4017959 .7535289
.0961769 .4147648
.7695242 .2128313
.2192783 .8403531
.1147530 .0646289
.3793107 .7129437
.5142575 .8016851
.5059098 .8437606
.4264279 .2173023
.4148638 .4216660
.1133773 .8204618
.7833058 .9436380
.4282064 .6820669
.7075282 .7783028
.2960050 .4945389
.6728888 .6964753
.5975526 .1986223
.4131220 .5353778
.7059588 .1143424
.0642408 .4468547
.6638020 .2208969
.4800206 .6215028
.6443482 .6136415
.0132053 .6247338
.3253064 .2135224
.1079761 .1094014
.2149750 .9411072
.5112697 .2022935
.5936891 .6570385
.7971497 .7555452
.0408737 .5140735
.4010097 .3033932
.6698721 .7011566
.8578415 .3017114
.0367338 .0629724
.9975302 .3219557
.7604457 .3624458
.2240570 .5295500
