70
.5808259 .1780560
.7400234 .3702671
.5091987 .0209586
.5496297 .7097761
.7753658 .7411001
.3398495 .7296813
.0720570 .5034741
.0232558 .6453542
.6917000 .5836746
.1883545 .8385081
.9309501 .6567042
.4087123 .2721083
.0700204 .2369427
.9579821 .9557061
.0286742 .6117963
.3668307 .1583981
.5253690 .5840369
.4334536 .7806826
.8499881 .9389907
.9659974 .1411610
.3640340 .5208302
.0717298 .7413623
.4127245 .3130405
.7805853 .6114730
.0063036 .5849577
.9537001 .8184686
.6256954 .0398861
.7221147 .7805966
.7405527 .4689818
.2558950 .2603883
.6934465 .6046206
.7958960 .3219029
.7875446 .0406263
.0931739 .0937710
.6893194 .0453100
.3860559 .7723338
.2827366 .0750351
.6809972 .7607945
.2346884 .4767649
.4570115 .9403538
.7882814 .3610428
.2385465 .5148121
.4136440 .4828930
.2196080 .3056188
.3253282 .1754760
.9016144 .3818757
.6188024 .3657898
.3452952 .0088751
.6711276 .3265347
.1368412 .5464108
.9653257 .3842591
.7218733 .5188789
.7943548 .0493355
.7465311 .9451017
.2266429 .1339848
.0294929 .4264102
.8059698 .9937282
.5259384 .6538262
.9367718 .1161068
.0757539 .0537353
.6818408 .3765296
.9825687 .3282582
.3705426 .3104844
.8639011 .6811540
.2672623 .0773499
.2496987 .5095414
.5544346 .2144647
.7782724 .1805483
.7024052 .0392165
.4239711 .0322158
