60
.6257361 .6451173
.9043652 .6435408
.8181345 .6991783
.9697150 .8797155
.1705657 .4144428
.0147619 .7850378
.6923635 .3925808
.8570391 .4554155
.2288492 .7352399
.9002268 .4658538
.4916705 .1020560
.1192514 .1813057
.1608756 .5308004
.0524434 .0736552
.6944156 .6678024
.1698795 .4835695
.7002635 .6169213
.3548529 .6477443
.0715690 .0736692
.6293465 .9377544
.9038889 .4433902
.7408543 .8958363
.5406929 .3619599
.0607938 .5125017
.6517130 .9950643
.8654963 .9154451
.4484251 .6760319
.1082524 .8107942
.0796882 .2782062
.0615364 .1558888
.7134707 .0692420
.7162372 .1044959
.2703291 .9622627
.7608966 .6452067
.3910142 .8008190
.7075015 .8837428
.8419371 .7668119
.8477023 .8695617
.7233725 .7962753
.9683373 .4435228
.7688782 .0779293
.0692482 .9309813
.6206140 .7820024
.8384707 .7055660
.8317167 .0477579
.6663880 .7225745
.7687746 .3107226
.0252521 .0244449
.5374147 .0755980
.7950063 .8486402
.1922111 .4765057
.4595017 .1525689
.1662146 .0883622
.0953808 .8803665
.1005331 .5750862
.9830225 .8395362
.7932255 .4327752
.9264055 .2760994
.2294672 .2972504
.6054542 .7170880
