80
.7873070 .8094609
.9682961 .2736111
.9544998 .6158642
.3186332 .4489067
.0451242 .8953217
.9707986 .6063614
.3869640 .9412812
.4793477 .9150590
.0766219 .4534207
.1738607 .8469894
.2308406 .7994952
.1238978 .0326075
.1205797 .8622407
.6233259 .0280895
.8501516 .0455015
.9706153 .4195933
.4280602 .4605978
.4356123 .3645881
.6987615 .2214979
.2558228 .1514767
.0130260 .8213838
.3628033 .4158143
.7440920 .8569722
.5557467 .9914696
.5300059 .4612702
.4561916 .6426100
.8496123 .6885785
.4238638 .6994404
.3182379 .1932841
.5054009 .4267388
.7043592 .7196018
.4290088 .2464160
.5931244 .4736969
.8403652 .1081366
.0166534 .1208411
.7772254 .6874895
.0822410 .1141966
.3686027 .9588261
.1930779 .9317747
.6730015 .2467220
.0945457 .6248473
.3803764 .2506014
.6026974 .3529006
.9231836 .8434082
.0778430 .2228690
.6894915 .6868666
.7803981 .1271760
.0095235 .8398582
.1609625 .1868050
.0876337 .4572964
.5521366 .0905138
.9534643 .2166277
.9935180 .7551720
.8753104 .0372672
.0687931 .4283217
.7694324 .6819097
.3875200 .1632206
.3926128 .5922867
.1142288 .5071027
.1505537 .3975837
.8315200 .6809676
.0081731 .4609353
.8070537 .3571687
.2533740 .0551992
.8893716 .6601875
.9348457 .6781083
.9445193 .9645449
.0458149 .9609491
.8120998 .6175875
.5258012 .8636344
.7408548 .4871805
.6552556 .5894747
.3827756 .2759173
.3648733 .0396241
.5912716 .3426074
.5012868 .7421197
.0807001 .2542985
.5001606 .0531840
.7467701 .8212221
.7203383 .9960367
