60
.0567880 .2234383
.3329878 .5876322
.9728810 .3132900
.1724243 .3146469
.0178761 .8735043
.2764493 .9300586
.1698671 .0727813
.3715082 .4207915
.2147114 .3169648
.9925617 .4522359
.1501024 .8875682
.2953453 .2157712
.6522457 .9673075
.6085597 .4249321
.8122416 .3371329
.9546145 .9913596
.9652584 .4780557
.6099750 .3227663
.7085469 .3143206
.9259540 .2463794
.9819468 .5679468
.6543684 .5422338
.9019375 .2716393
.6737368 .1783119
.1201314 .4583444
.2320513 .7183828
.7295673 .8995559
.7405027 .1055286
.7648799 .9266648
.0852947 .1292794
.4205629 .2034628
.8757487 .3190461
.2177594 .6241374
.7076805 .6656765
.1444605 .5280198
.2704361 .2884873
.6243342 .8257418
.0304087 .7065861
.0707847 .5346106
.5372283 .4477122
.4779297 .1747026
.5625252 .9797334
.3991214 .4696803
.9241318 .9613645
.8640935 .2534491
.7871972 .0991550
.0729404 .2687558
.4718662 .9243589
.5515860 .9574815
.5263147 .9604807
.0193314 .1229785
.4229467 .3721177
.3521448 .6681141
.2708547 .5377252
.2607224 .0920131
.1631195 .2801452
.8626670 .1146003
.1346022 .8636913
.1235567 .1792239
.3234451 .4073108
