90
.9567073 .3817114
.6963228 .6396215
.4142586 .7487268
.1284073 .2741982
.0898851 .5100567
.3940383 .9153376
.7606888 .4182987
.7684994 .6810648
.1035362 .9546648
.6407836 .5717376
.8847409 .3678769
.8974392 .8498516
.3603241 .2673871
.2572245 .9178834
.1647731 .1572990
.2250311 .4711170
.1337113 .4607698
.7216121 .6425403
.1155290 .6658062
.1450081 .9042140
.4139533 .8355006
.3841060 .8510436
.2904159 .9196834
.0758977 .8131506
.8520652 .5689525
.3046373 .6040774
.2560217 .4118912
.2996342 .6334023
.7581450 .3752493
.0027611 .0510148
.6978316 .4057568
.3383217 .4408421
.6993399 .1293088
.5056105 .6762541
.5325088 .2343201
.6947085 .6572387
.2466509 .8043517
.5527132 .4777633
.0935134 .0014620
.9420927 .7650500
.7986760 .4043933
.6640939 .0728296
.0232374 .3604760
.6845315 .8175250
.1642994 .7802693
.0007388 .7767886
.4462412 .1902713
.8183845 .0184033
.7152378 .2997758
.5441553 .6262919
.3145819 .0089312
.8113784 .0087887
.4232663 .2995366
.0944182 .1194518
.5076321 .8588776
.3755355 .7370482
.9758467 .0782403
.9337451 .1209832
.3351923 .1674282
.9454640 .9008745
.4177915 .8979230
.7253069 .9312434
.5341062 .7310589
.7836675 .9389279
.3955011 .0420019
.3146292 .9438536
.6649965 .4912216
.3196830 .4127560
.0842189 .4357981
.5735999 .6173651
.0071427 .1640917
.4900167 .3579707
.2576546 .6673157
.2747545 .6622155
.6159300 .0561570
.3810010 .7969437
.7132329 .4530784
.2061655 .3950015
.1487035 .5420880
.3868529 .0935614
.3951298 .6758537
.3349201 .1378757
.3812706 .7008600
.3803708 .1938637
.0611675 .0781280
.7998240 .3416562
.0286967 .5006318
.0538616 .0346706
.2185414 .5272244
.8616306 .7870195
