30
.9846217 .6033237
.1766354 .8980376
.4061690 .2660693
.4541285 .4925227
.4623644 .0129954
.1136504 .7855800
.8849798 .7561787
.0557405 .5055646
.6668181 .6803272
.0804041 .4478722
.6665169 .1633864
.4481694 .4174443
.5540370 .2490383
.3279053 .4978710
.3912298 .7043164
.5751261 .0992079
.6316468 .0640484
.1667318 .4912177
.2243985 .6937942
.0303739 .4842667
.8535681 .9076618
.2028231 .2835856
.8600814 .1076397
.6732377 .9585759
.4871860 .7551486
.5430029 .0193325
.8614621 .1691909
.0802384 .7970968
.3537233 .5320244
.8680598 .1409864
