100
.2053593 .9008645
.1205549 .1877128
.1076320 .8742553
.2637359 .2208068
.1508590 .8324872
.1725744 .3019063
.7336908 .8392777
.6582817 .7059876
.1129580 .8361859
.2389072 .7042415
.3640663 .1228223
.2934117 .8859501
.5857023 .6337300
.8001743 .1990873
.7412860 .8007348
.8685667 .1598854
.6587720 .6558428
.8348717 .7328291
.7543620 .9145624
.7591398 .9354750
.2271016 .1336048
.6689958 .4216664
.7003552 .1485676
.9788203 .2241565
.1604355 .7922010
.4845459 .5129014
.8473648 .7354912
.6994361 .6053669
.4605273 .9828282
.7460619 .4446348
.3129813 .3272691
.4331534 .1719444
.2500991 .6081088
.5895060 .0320678
.2761495 .0239408
.4545485 .3696536
.6290842 .5908897
.3779576 .5468898
.9192885 .0860184
.8877228 .8195788
.0000814 .9058342
.1637452 .0695124
.2514289 .0626155
.1062871 .2629118
.4063555 .3377487
.7067957 .9821909
.0920281 .1496668
.6917001 .6934419
.7421257 .1501147
.9841367 .8343580
.9990343 .5496021
.1680994 .5438370
.3862892 .7418299
.7856461 .0497731
.8036736 .4358661
.0794218 .4675860
.8771337 .1396923
.0262969 .0583736
.6683437 .8327109
.6972644 .8092535
.6869991 .8186924
.8153024 .4239944
.2129003 .3027155
.7455958 .2814795
.9722536 .8617106
.1077246 .4024046
.2585326 .7915213
.0010806 .6679389
.3653581 .8647479
.9242616 .1023908
.1173258 .3113002
.4754399 .5472538
.4421965 .2633480
.6600902 .0358972
.1095214 .3515074
.1089234 .0836377
.4392569 .9004028
.9137918 .3315150
.1193837 .9874978
.5016272 .8558271
.1116561 .6750618
.5525502 .2488944
.5044958 .6146195
.1820468 .4966397
.3144033 .0069987
.3899624 .8699330
.5522082 .0674278
.2599121 .5912809
.9557074 .6198195
.8879625 .9558773
.9308734 .5906944
.0330039 .8332973
.4125385 .7919272
.7045131 .9477536
.2124032 .7109177
.2153142 .8628627
.3150585 .7426904
.6938767 .9508271
.5465939 .5140719
.9265613 .5128579
