90
.5504505 .6924133
.6230487 .5155817
.3072628 .4749904
.6617440 .7689273
.0613565 .2170890
.4968638 .4180174
.7391045 .8170094
.7380064 .5952212
.2862224 .4498934
.3011868 .5182478
.4037435 .8133246
.7188344 .0310972
.6874138 .0009657
.8047490 .8796405
.6327024 .0646932
.4646244 .4969572
.4610537 .0601445
.8305755 .9226374
.3655947 .7454214
.1480045 .8779122
.0389336 .4186910
.1464959 .3592523
.3920889 .3758602
.3621669 .7289956
.0496251 .3201640
.6134108 .4421626
.0469097 .3746753
.3191689 .4609259
.3836925 .1871986
.5301558 .2167507
.6141013 .4630344
.5477511 .7670377
.0743066 .0404736
.1489630 .5777286
.9506862 .6998859
.2228711 .1027832
.1459729 .0706818
.7456745 .9202652
.4687568 .5095367
.3568155 .4549870
.4004878 .3438519
.4140200 .0388122
.6189432 .5197645
.5544012 .9388174
.3006475 .0148973
.9134262 .6651104
.3971100 .3607347
.8824383 .9362196
.6786364 .6938038
.4349813 .6501348
.1500362 .7820209
.6262832 .5403376
.9374309 .7533938
.0603362 .2830228
.0847441 .5270602
.3039617 .9962316
.7299602 .3871411
.9734775 .6033065
.3900442 .3614055
.2810061 .6289805
.7921707 .1200379
.1454660 .8010559
.7577729 .4831691
.6767984 .4260391
.6725480 .2450485
.2473898 .9128163
.3451045 .2510809
.9758743 .9915016
.5420564 .3022150
.9569361 .0095088
.8482263 .7476191
.8552948 .0157042
.0848632 .2370123
.6091452 .9357420
.3615692 .1516991
.2118517 .7043803
.6616178 .2690789
.3020623 .3982625
.0756969 .2274399
.2205255 .7873635
.5034670 .7719848
.1031624 .8145574
.6208589 .4425583
.4782758 .7776151
.6363900 .6092246
.9125791 .8208994
.9921203 .3119706
.8848946 .0771335
.5518441 .3911596
.8243221 .7024081
