250
.2657341 .2846026
.6310535 .9017950
.9670921 .0988089
.8795032 .3097767
.8749094 .1853936
.5063647 .9329531
.6774251 .9367073
.0120096 .6113536
.8006274 .3931223
.2979356 .8480119
.8954060 .3861331
.0131881 .2890230
.9425454 .9217954
.6837396 .1523536
.8184035 .2208321
.0282594 .3386951
.5457277 .8586651
.3467486 .3218628
.2426493 .2800069
.4089407 .6806030
.8261266 .7742470
.4335635 .5677042
.3591297 .4029718
.2914472 .7230560
.7763328 .4203512
.9264383 .9692839
.4911632 .9090848
.2970552 .5638450
.6754020 .5949117
.2151997 .3395293
.0962933 .4646305
.7999313 .2032047
.2679655 .6969277
.5657146 .1749051
.9840367 .7603610
.3045831 .5680113
.3942424 .0143661
.9667193 .9058635
.7049304 .8804311
.9479484 .4476822
.0439746 .1824002
.9969766 .4017074
.4452283 .5754973
.9887925 .6180221
.3737147 .5188968
.8898859 .2971287
.5155041 .8597798
.3697412 .4800417
.1683008 .0885892
.8828255 .1959625
.6503239 .4339185
.0349331 .4665563
.5437595 .3669097
.2236653 .1709809
.8400574 .3924862
.6589302 .2701543
.3802849 .2689845
.8670404 .2168312
.2948036 .5070508
.7901835 .6219042
.0403472 .0788240
.9281365 .4265034
.3943131 .0827135
.1350048 .9009528
.3683909 .4582745
.3718919 .6499950
.1066938 .9680772
.8056545 .2809465
.7849882 .2348290
.2006767 .2571204
.3625964 .7556334
.8288081 .4199901
.4797211 .0619231
.5636686 .3646954
.2504783 .5415861
.0583245 .8766368
.2734705 .3148766
.7462978 .5016064
.6524542 .8211616
.8588912 .4851880
.6621965 .7301712
.9082921 .1735571
.0691452 .1774869
.5247815 .8493590
.8707021 .3152849
.7240082 .1525661
.8858472 .3791476
.3706118 .9141493
.4362781 .9508370
.7388935 .5545689
.2112427 .3335688
.7786466 .2515387
.9085308 .8763282
.2910743 .8817607
.6737889 .0503955
.2098514 .2464099
.6931052 .8952897
.2572294 .1945977
.1898199 .3510762
.2835540 .7948801
.8834182 .6551893
.6670579 .4416535
.7213070 .5178892
.5032270 .4280057
.1159239 .7519725
.3908098 .7138115
.4201279 .4076780
.0535633 .9496053
.0508420 .6786465
.6395042 .8025530
.3096021 .7625979
.3166721 .7277277
.0216814 .7818491
.9276140 .9303845
.7829547 .5322032
.3528775 .7050709
.7133019 .4098731
.4331547 .8847252
.7022786 .9782371
.5642613 .9944435
.4196620 .3301493
.3502696 .0248614
.7604706 .1655200
.1067434 .6011361
.4988039 .2637229
.8645605 .7448523
.0225229 .1493585
.3391546 .3648562
.0840391 .0287881
.7915694 .9635542
.1914584 .7519322
.6954080 .6396577
.9266980 .3048772
.7039717 .0762122
.1481040 .2771464
.8385354 .5310793
.4372174 .4238339
.5332009 .5403475
.6928027 .8454677
.8030076 .6854876
.5577447 .8632275
.1663761 .8819531
.1710709 .2372933
.0544181 .6774002
.0408421 .2624006
.4695644 .3962871
.7941146 .2154352
.9932620 .9663470
.0252850 .8008704
.4535643 .1808397
.9690229 .2543308
.4021995 .1956086
.4913484 .6733379
.9585527 .3763265
.8323659 .4356236
.6838517 .2809518
.2443886 .1650879
.2690946 .6048443
.4348267 .9767904
.4588290 .2882638
.5169274 .4760964
.4811703 .5826069
.6534080 .4415181
.1913512 .5247666
.0958562 .9616904
.2280332 .7479587
.9116558 .1375702
.9824742 .5692774
.0727828 .8521408
.5318639 .4836453
.1672512 .5399097
.5185938 .1427586
.8819492 .7830942
.0833457 .1256026
.3802278 .7838800
.3855541 .7711843
.2315541 .6132871
.1614422 .4388057
.8039773 .3552720
.5563432 .1185305
.8507245 .0255119
.6908126 .6040014
.9451127 .0611435
.8330172 .6684790
.6657799 .3013389
.5944576 .9974285
.9171639 .1972805
.3711468 .1092038
.0858464 .4296282
.6343462 .1589111
.1669898 .5352290
.1377393 .3263914
.5192780 .3533968
.3429263 .3319934
.1816918 .3338497
.2512456 .3354297
.0587529 .6791376
.4335829 .8230626
.7877261 .0373861
.6249141 .7844759
.4643165 .5672179
.2382608 .1646903
.0328131 .6540624
.1824156 .8359021
.1400500 .7915180
.2556251 .6817028
.3951521 .0162619
.1373139 .2843917
.7414501 .1009977
.8032912 .5467731
.1933538 .2053670
.4256163 .6957472
.3670098 .0354158
.0528095 .7756057
.5744099 .3813727
.3532945 .1512460
.9788987 .2419518
.3862484 .8500722
.3359261 .0894172
.8683201 .8581653
.7640469 .1090175
.0483746 .7709294
.0927488 .8224054
.5894186 .4378776
.5883408 .1780710
.4785855 .3300402
.9270257 .2009291
.8213988 .1286991
.5130489 .3137822
.4919051 .2552939
.6646425 .5887244
.2595737 .4414545
.5339987 .0074255
.6385125 .6197053
.2998884 .2939313
.9334421 .9815047
.2704343 .4579110
.6064252 .5194544
.8441046 .7134584
.1624595 .2017614
.2718891 .2193926
.4421187 .5139080
.0029822 .8597820
.8943817 .7769991
.9278150 .2239269
.6490184 .6839458
.5910753 .6665421
.7693187 .0905508
.6561155 .8821835
.8839573 .4031971
