500
.3978962 .1658628
.2961372 .8099930
.5644347 .3519382
.1772571 .5214004
.2990951 .0113063
.2034518 .8711899
.6290839 .4120168
.5073098 .0027144
.6000853 .0805604
.5171644 .0930810
.6583805 .3419083
.5454599 .5589061
.6558589 .5462867
.4782358 .9473790
.3639781 .5174220
.1354228 .2608201
.2760560 .6550174
.2726534 .2294699
.3400875 .6391920
.7161841 .5264516
.9442250 .9923053
.3296920 .3802286
.5093015 .4672894
.1590648 .6904668
.6499722 .4020998
.1302475 .7375409
.9583469 .2954473
.2146535 .9760262
.6390521 .8453806
.3429964 .2379179
.7676449 .9128231
.0455579 .8990602
.8278606 .1276153
.5162819 .0768690
.0674691 .3832542
.4185838 .5609301
.4451964 .9441382
.3387926 .6999836
.5573936 .4289946
.6026065 .5861900
.6555626 .0870776
.6422476 .2349493
.1046338 .5379505
.8660553 .6379426
.4846880 .9269906
.8544652 .0880171
.7907848 .1204654
.6905887 .4940658
.3093526 .4268960
.5213433 .9167080
.9053730 .1237351
.4151925 .5933689
.4900092 .9659282
.8014391 .5538313
.8885368 .4689651
.9975924 .7615162
.4160971 .1443623
.4969906 .6961709
.1040653 .5084141
.9275250 .5023377
.3003533 .5112976
.2203788 .2844747
.5779253 .4064986
.0490705 .7909296
.4998299 .8008128
.7051863 .4896647
.4663139 .9311641
.1469053 .7307260
.9577349 .7819403
.0561632 .0834649
.0211830 .5987600
.6239893 .7375070
.5516181 .2223382
.8925684 .7099275
.2000847 .4476884
.4458580 .0890861
.6998306 .7350678
.8745108 .1876182
.8210951 .9231245
.7493476 .7302063
.5195946 .4224181
.0120695 .4605014
.2924796 .4371408
.1112358 .1479494
.1464218 .2502487
.4421306 .1788503
.4506683 .1255975
.4449386 .9337500
.5160311 .9808537
.0180330 .1297845
.9190187 .1551917
.8410575 .3238822
.9763166 .2618814
.0922725 .8503224
.6537458 .6410920
.3902318 .5610722
.5383274 .1133746
.2826680 .7441148
.9723083 .8176120
.1244016 .3456681
.3916252 .5745286
.7975543 .8863076
.3634459 .5614124
.6852483 .9455810
.5007915 .6662946
.0557158 .4392636
.7569674 .6987493
.1762326 .7099931
.6662640 .0954878
.8719381 .2151539
.6852969 .7353175
.8773062 .7826091
.3740863 .2705908
.3892055 .4097110
.8976906 .7292723
.0990335 .7360070
.0755628 .2189734
.2237327 .8947169
.4919447 .9850390
.4255090 .6494301
.2292161 .8897823
.9491719 .6950803
.5073189 .0775570
.9431200 .8281369
.5038504 .0962849
.0814959 .3896391
.1763075 .4236299
.7748540 .9132134
.9829308 .9959819
.1362112 .1631051
.6617969 .1990910
.3375111 .5565279
.0268948 .5263366
.1147128 .0998492
.1100528 .8575183
.2118347 .1362938
.6414194 .6084972
.9367497 .0485055
.2288888 .8382703
.3632320 .1644852
.7660703 .2009234
.8711236 .9996577
.3542718 .2586407
.6734119 .0881307
.8391708 .4293553
.9269011 .4071462
.0975293 .4669635
.3409226 .1122943
.3111294 .0390984
.4525778 .2468226
.1692257 .2905310
.6812296 .4733315
.4698751 .3101265
.8507850 .8448537
.8546848 .6442184
.2046288 .2667914
.0084529 .3450364
.3512885 .6209615
.8700398 .8727390
.5729492 .4851147
.2062408 .2844215
.1951855 .8802668
.9565987 .7814871
.1336496 .3460624
.4116530 .5237586
.3683610 .6506836
.5752197 .7679547
.2025788 .2935871
.7056031 .4004379
.1824204 .3010946
.4412968 .7977424
.1143160 .2286430
.1914054 .0890941
.5364737 .2888181
.3948639 .1762119
.2816711 .5782111
.2981987 .5879299
.6033004 .8731583
.2292274 .1488630
.1035771 .7365961
.8013852 .6982526
.9685829 .9951128
.6054504 .3205472
.5332650 .2138357
.9549806 .7939776
.9120496 .7615909
.0589111 .7156600
.4662668 .5018406
.1971802 .9473830
.5545284 .0857789
.3580689 .0084893
.8304478 .2196675
.3318500 .6219294
.0050646 .0235701
.1044757 .0349224
.3579285 .5251079
.9050594 .6624940
.4274151 .2092560
.4669763 .1537531
.4914094 .0805556
.6871785 .7078938
.1053868 .5319600
.3219501 .3578538
.7250699 .0368997
.7374681 .4201104
.1216436 .8075731
.8253487 .2425142
.9028680 .5499669
.4694967 .0691543
.1747614 .6892348
.5711942 .0202778
.5947258 .2698236
.4521280 .0320414
.3444680 .4226804
.9951067 .7286376
.6437379 .0440246
.3722235 .6588844
.2751610 .2910620
.5603371 .6089853
.3252016 .7516794
.6516156 .7286343
.2829524 .7071262
.5176867 .3422379
.2809178 .7359872
.6523115 .3615349
.3016454 .8989178
.6596013 .4085995
.4898741 .7286736
.2202928 .7748905
.3682040 .9984556
.4926355 .2959432
.0090724 .4605417
.5096839 .6632710
.5084354 .0811115
.6313859 .6133338
.0659234 .3281349
.5954682 .2538172
.4187559 .3167035
.9709017 .3732399
.3062839 .5372854
.3243366 .2318332
.2500742 .8815925
.3234849 .7880168
.5998719 .0701075
.1696598 .7513909
.0849756 .6443596
.7096995 .8832725
.7774470 .6227739
.5479818 .6401965
.3595516 .8759154
.3723154 .0627604
.0218045 .3371957
.1208378 .6775064
.5163737 .3481784
.8358193 .4664732
.3572831 .7005067
.0471078 .4684040
.5852658 .1737394
.9630298 .5456447
.7801459 .4120354
.9675200 .9572882
.1736882 .6022099
.9642616 .7353964
.0448492 .3182282
.6943292 .0179487
.5086990 .7272345
.6933892 .4377966
.9688692 .6917684
.1455958 .8271377
.7076193 .6714265
.3190671 .7351342
.3414153 .1819184
.0049036 .8730800
.3646799 .3047717
.5882698 .3352349
.1190112 .6888925
.9037544 .4698912
.8260887 .9153197
.4032197 .2076858
.5635862 .2158475
.6152895 .5434082
.1861094 .4892713
.3116805 .2018585
.3263695 .4278645
.8143905 .2234655
.0719010 .3708437
.7644962 .6446580
.2035426 .1980698
.4006193 .4221832
.6950247 .0605844
.6231646 .4979523
.3872559 .8468299
.1968644 .0973634
.4326783 .7740787
.4041393 .1126700
.5082759 .0807330
.0279644 .2946221
.3618757 .1212824
.1254614 .9485853
.6141822 .8138538
.7499900 .3314169
.7049473 .8799901
.3752267 .8358387
.4496928 .1045757
.7422657 .6306604
.0548893 .3252298
.3503025 .4362764
.0033513 .3670302
.6906268 .7311405
.5342503 .9396590
.1176129 .5197189
.2574634 .8169905
.1818052 .8965020
.7013969 .5683154
.2292179 .5023033
.4258317 .7878417
.6952501 .5140716
.0531574 .1943579
.0763187 .4010739
.6864886 .1030258
.0200935 .1193436
.3829998 .5007165
.9962270 .9410277
.5142868 .1171476
.9413747 .4014721
.0390538 .2458469
.1502424 .0078507
.1908619 .3387023
.2310489 .9396472
.2864470 .2200715
.5692892 .9716149
.9171374 .7231726
.5457071 .6897659
.5135772 .1622661
.5180685 .6137355
.1762003 .7760190
.7743419 .3853365
.9321017 .5049351
.4573893 .4715191
.5920298 .5308735
.6959019 .0360886
.7055813 .1789982
.3882483 .3716646
.5022191 .2690236
.4977807 .6022928
.1018697 .9478927
.2401327 .7561125
.8104862 .5220575
.7727954 .6923225
.2994992 .8538777
.2199288 .1106645
.4074258 .4503224
.0536132 .7755243
.8884666 .3477071
.6667252 .3888318
.5456109 .1156271
.7599939 .9219937
.8909821 .5361195
.9617025 .7803983
.0278085 .4674045
.6256196 .4753836
.2878974 .7198741
.4212132 .5062170
.9147296 .0373274
.2376902 .3344050
.5716887 .0083443
.8550555 .5277910
.6813931 .3881556
.2638712 .6632102
.7570239 .2849605
.6008574 .1422176
.3488336 .2883704
.2575829 .8703807
.5651000 .1610743
.3493872 .3901107
.0905452 .3849364
.6240302 .5907713
.1580955 .7941012
.9545180 .0361421
.1607068 .8223107
.3957756 .1739972
.8352341 .5590743
.6754778 .5888795
.7138900 .8065999
.9080656 .8278760
.5121175 .5510290
.9279228 .4086243
.1836092 .5395489
.2805280 .0846751
.5901369 .7589142
.6242778 .4089895
.3597277 .2478239
.8032597 .6525389
.9829323 .4900123
.5626964 .1899829
.1523916 .2088363
.8917371 .9840078
.6020227 .2371263
.0778947 .6473990
.2528171 .7251323
.2163811 .0380675
.5138883 .6690771
.2960241 .1853477
.4989171 .9251571
.9290205 .7317012
.2659405 .7883345
.8396518 .6157838
.7264037 .0689814
.5998987 .4714479
.5389725 .5378858
.7078243 .6609298
.2336650 .7133618
.5452795 .9249998
.3188407 .2527279
.3100953 .6815182
.7113669 .6412850
.6671112 .8374054
.1902801 .3396502
.2623075 .8358077
.5853896 .8869287
.7426145 .2159743
.1409173 .4322559
.5558218 .3313617
.1943614 .4877546
.2930681 .6025123
.4236974 .0064523
.0907937 .7636074
.0707128 .7712261
.7274697 .4210450
.5610998 .0549190
.3180053 .7422253
.8168274 .0344290
.3981570 .5337213
.4846724 .9073485
.8626649 .0884495
.6655216 .4006523
.5218814 .1571175
.0885713 .6465299
.5074942 .8433930
.7867456 .4377676
.6112307 .1856963
.1359485 .8086320
.7913277 .1595386
.7500481 .7990274
.1277043 .7387035
.4921867 .1693206
.7333575 .8545735
.2750106 .6976841
.5091519 .3913182
.0691362 .4056278
.8220604 .9887707
.4995060 .4526116
.5406913 .0704039
.6496662 .2867703
.4117522 .2841567
.4682992 .6428941
.2296275 .9897381
.9219972 .7853972
.0486198 .5357330
.3921586 .5851262
.9113025 .2691280
.5884394 .1140283
.0019880 .3720508
.4503069 .8979523
.2542100 .0263561
.3233169 .1797238
.4054831 .8044716
.5066935 .8441509
.1491171 .7504236
.6400144 .3133090
.9166647 .9614738
.0832293 .9413543
.1583393 .6590975
.3872393 .3677593
.6825989 .2364011
.2807789 .0082733
.2677239 .5132938
.6297477 .3936307
.6527567 .7840755
.0613627 .3640776
.1253005 .0053633
.0789404 .0877018
.9095239 .8837325
.4026771 .3243656
.7669656 .3578754
.0238894 .0742772
.6905194 .1427646
.3086982 .4379369
.0209732 .1640297
.8735138 .8168816
.1558186 .8477931
.5077885 .0843626
.3494112 .7703527
.9557785 .5713532
.7070935 .9766158
.8923853 .1031296
.8262464 .6468714
.1299451 .2796318
.7945779 .4666145
.3520031 .0509175
