90
.3056505 .5659119
.2912307 .2443332
.6409018 .2772843
.4649014 .3376600
.7107083 .5361172
.9717926 .0733024
.7644256 .9521911
.8200661 .2959284
.7789572 .6526908
.6845864 .5301443
.1655674 .4912699
.3061946 .2779656
.2905110 .5220248
.1547754 .6356571
.9812561 .2844802
.3534954 .4434718
.0597256 .5104639
.4596288 .4373886
.2088848 .3618708
.9348292 .6253222
.4243368 .6030709
.5184570 .3184825
.9009856 .0038805
.9330428 .8061330
.1164672 .9968780
.2800606 .4009671
.4455714 .8521768
.1933024 .2722147
.9084485 .4968606
.5602076 .8314469
.3426661 .1459107
.8398971 .0863925
.8053082 .1149031
.3293092 .9129442
.4539534 .9777959
.9721360 .1344537
.3096790 .4790553
.4731226 .0974164
.6438777 .6089542
.7641172 .4882650
.4137930 .7424120
.6469633 .7792571
.0469398 .9009971
.2783085 .1918823
.4771305 .6379767
.8165662 .6308687
.8873330 .8183484
.9630298 .8152572
.0271985 .1579034
.4263925 .8971782
.8434756 .7233399
.8390873 .2334280
.7748217 .0425418
.8588338 .6167466
.3913975 .8311478
.7909653 .0773584
.7642327 .8467413
.9454221 .1629041
.3773486 .7111646
.1631361 .1658764
.5821571 .8079016
.7638096 .7991264
.2614011 .1159358
.0222062 .9664396
.9289932 .0722880
.8019407 .1186462
.0402243 .6883194
.9807731 .7457395
.6090933 .0431614
.7934920 .2890755
.7986161 .2420602
.3890229 .5594359
.1260603 .6963044
.1263140 .9485989
.1557846 .3304985
.9852545 .5935951
.5728778 .6655551
.6982646 .4010737
.5637747 .7126681
.7566739 .6086865
.3856004 .7329927
.4424799 .4331592
.4818451 .0955666
.7969581 .3502723
.7832350 .0654499
.4667848 .6273752
.8920047 .1759139
.3572420 .7788089
.3453530 .1210569
.8496009 .4707735
