70
.3928287 .9607672
.0547243 .7049753
.3968290 .5794910
.3650551 .2392840
.1603072 .8202373
.6496559 .7719479
.6692998 .5085315
.0782523 .4010952
.2739592 .3876341
.0468525 .9941237
.2099359 .7731249
.8720293 .9612120
.9607829 .9137146
.6385011 .5825722
.5853566 .8353305
.6511687 .9258353
.7911836 .1931547
.2480822 .4592484
.3174956 .3021251
.0622459 .2795553
.4477494 .7362088
.2441358 .2000397
.2361184 .7938193
.9272052 .4912888
.0283008 .2718414
.7768951 .4792960
.4942161 .3621459
.4386600 .0646077
.7663959 .5079867
.9086617 .0518551
.1782817 .5965682
.2959916 .4282370
.9938725 .2191299
.3189529 .7968538
.5743828 .6393912
.5589816 .3882769
.4864211 .7509290
.5506071 .7109002
.6548498 .2872865
.9683671 .1644900
.0245854 .9261324
.4231905 .9764589
.2293047 .1888756
.8303644 .7087734
.0689934 .1055741
.2752044 .3445877
.4576630 .8550456
.2848636 .5547162
.8900297 .8025647
.1067470 .0594404
.0516462 .7807038
.8746522 .8729261
.3085656 .7685221
.4794434 .4152357
.4952500 .4337081
.8056830 .7075877
.3957681 .8622222
.1906093 .7746703
.9935181 .1987425
.1360559 .5454995
.0464181 .2845765
.2737742 .4910382
.6128781 .5709362
.3540431 .4196138
.2815714 .9053795
.7878436 .6645971
.2052041 .9760594
.4031377 .6748885
.4528049 .4279957
.1423363 .0270060
