500
.2679324 .2094840
.0530640 .6668116
.6516811 .2922317
.6239399 .4843451
.2239744 .4537832
.6020478 .0423157
.2759720 .7361627
.1337336 .3413089
.6012580 .5291129
.9878264 .4193262
.2291691 .9459353
.5200708 .0448133
.1373490 .0261765
.5082389 .5548882
.4576712 .4495861
.6365049 .3789754
.7543824 .2710422
.6714739 .3763850
.3390754 .7611673
.2950010 .4876688
.0165623 .3129233
.5820255 .9983649
.5390314 .5388560
.8639752 .5220513
.4807017 .5626432
.0162898 .1469792
.0166911 .9654631
.0561580 .5140028
.6706363 .1832251
.5250810 .2975747
.6459135 .1031746
.8392639 .9782804
.7227547 .3535774
.1855050 .1942629
.4232969 .9313860
.3751074 .5469811
.4412923 .4207800
.2847826 .6585707
.1130130 .6085255
.2404610 .6156805
.5684410 .7260029
.2537708 .7075587
.4323245 .2057888
.9056072 .5314004
.5157375 .5336242
.5780884 .9900738
.5105746 .7427422
.5441936 .2783363
.6195934 .0126440
.1999072 .4130839
.3583426 .8117823
.7206549 .9180600
.1752420 .6140216
.0836257 .5683253
.4623662 .4104687
.3491233 .2166924
.0697789 .4570957
.1538013 .1827723
.3757379 .8077824
.5404041 .9423215
.7763819 .4827778
.7238684 .3047219
.3017875 .3523879
.5512505 .2417251
.7882024 .1507403
.8193319 .3005666
.1739704 .0880134
.0228259 .3062351
.2618234 .3523527
.4592766 .9756093
.6129888 .8730923
.0429011 .2123652
.7065903 .9806498
.9951933 .2455569
.3962744 .4088401
.2889881 .3736030
.9975229 .2431470
.0162747 .7736090
.7038744 .1619731
.6072683 .4655476
.8059259 .3228503
.1154955 .8513398
.4086825 .6253066
.8548303 .9873592
.7332186 .3873376
.9709417 .5398534
.0578660 .6915007
.6803878 .7982634
.9999149 .2153220
.7320145 .7009726
.9462471 .1222536
.1413062 .0186377
.4830870 .8546363
.6102898 .0365035
.8113000 .1772737
.6524182 .6109885
.2120536 .7451110
.8599675 .6168991
.1833336 .4243921
.7347719 .7569053
.1234418 .6343483
.9930060 .6189260
.3033358 .5842101
.3801038 .8218646
.9431752 .3839273
.1091892 .1052207
.7748608 .9697059
.5694918 .2505338
.5043478 .4081038
.6315314 .6669021
.7452477 .6632561
.5822938 .1610069
.6263510 .0066041
.5225831 .6136879
.4153644 .0305604
.2041396 .7071875
.8720259 .2476382
.2173531 .1342457
.0559778 .5029874
.7903934 .4543134
.0660187 .3267934
.0437234 .4627880
.4627570 .7668908
.3641682 .0633987
.3989250 .4719973
.8113847 .5762044
.9108224 .5804785
.5256211 .5061520
.2582148 .4842732
.5354818 .3093033
.1736603 .3958452
.9219235 .8327088
.6183337 .8985399
.9213089 .0140183
.0501287 .7958139
.3749479 .1902987
.8887860 .5182404
.2715557 .0017147
.0971854 .4622586
.4863776 .3417483
.5604088 .7221151
.8877588 .9960129
.8948771 .9746175
.6375934 .3585032
.8064530 .4609657
.8227704 .6868270
.1740343 .1943308
.7743561 .4636317
.3864946 .2567884
.0012112 .2145991
.5160213 .3229742
.2139527 .1760567
.7676038 .7861847
.2600329 .0269883
.0877995 .9288858
.9351345 .9580413
.3186082 .7744913
.7714688 .0385576
.0044656 .3191193
.4088312 .4937358
.7496901 .9465999
.5958107 .3872818
.4153356 .5905848
.0002788 .5273757
.6609661 .6749699
.7716041 .3199805
.2885495 .5262703
.3208597 .8654993
.1301023 .7348693
.3860105 .8520620
.1230778 .2094705
.6306048 .6983380
.7104259 .2214072
.4782425 .8352463
.4459192 .8109763
.4899673 .8213112
.0273977 .2024566
.4141331 .9302124
.9561832 .4612156
.3321326 .6383384
.3527203 .0760944
.5300571 .7194038
.5566576 .4513602
.4747851 .0044663
.1017581 .8707175
.3795782 .8084985
.2673693 .2144522
.3129090 .0160853
.1413563 .8705262
.8263524 .2533385
.1445493 .6196281
.0318569 .7827924
.1115495 .9685968
.5119745 .0123915
.8323241 .0695552
.1525749 .0157425
.6560556 .0442944
.8876098 .3630973
.2533556 .7232218
.5685315 .9431042
.5228619 .4313129
.0334106 .3337381
.1985646 .8732572
.4565513 .6140247
.9376107 .1871555
.8998723 .1907463
.2049740 .0889881
.5414120 .0782846
.4689015 .3944029
.3904411 .8846505
.1146166 .1934669
.6667201 .2296075
.7960329 .1186478
.8648408 .0961376
.0863580 .4747418
.4722357 .2763681
.3561117 .9175040
.1777428 .1369927
.5863921 .7386687
.2004732 .8542275
.7888652 .9396311
.2775594 .4489583
.0120707 .8925949
.2530621 .7210004
.4138977 .6722465
.6752969 .8068364
.1076390 .7062774
.0900065 .7748461
.6665373 .2901265
.7535625 .5704379
.2093492 .2284297
.4126409 .8126507
.4848298 .3286331
.9209710 .4432642
.6113381 .0443218
.2937323 .9962535
.0816356 .0478289
.0273608 .1840897
.9725530 .1418886
.0158384 .4199504
.3521998 .3742795
.2403767 .5808920
.6889226 .6108350
.8516867 .4734863
.3589648 .7016693
.7441398 .7348595
.5338727 .7312566
.8679941 .8705343
.9018062 .1008912
.1558779 .3154880
.6241938 .2153235
.0568056 .2634354
.1232757 .6348002
.4665458 .9360575
.8971730 .4476119
.6960846 .2907583
.4148430 .4923519
.5966239 .1620623
.7888105 .5266920
.8139446 .7050176
.5815335 .5513803
.3184354 .9034495
.6818458 .7426187
.9785689 .9036693
.2887664 .7487977
.3314835 .0548017
.9462250 .8319982
.3585189 .7372875
.2566021 .2815327
.6874624 .2358797
.0235482 .9343372
.0957909 .8946019
.4830159 .1810533
.5467539 .3482257
.0109409 .6304123
.5066361 .4648630
.9692202 .1988522
.4083780 .4018032
.5786996 .7754270
.4728127 .4537771
.9864635 .2098042
.4905206 .6789382
.8099690 .0467574
.6085998 .0800406
.8651424 .4848361
.8489189 .7911005
.6796141 .2081172
.3865550 .6052781
.6034661 .2038801
.1055421 .5473497
.3933552 .0490039
.3776556 .2509756
.2843221 .4746144
.3201577 .7915511
.6871430 .7903201
.1091193 .4317778
.3553968 .8920248
.5725354 .4787451
.4406550 .4540950
.7658572 .0853007
.2690099 .3183530
.2331916 .2493398
.5877009 .2772615
.0591662 .3043933
.7945300 .0825275
.6857368 .6230725
.3102316 .7064767
.0589268 .7785603
.5076432 .1927065
.4240443 .6729713
.8815530 .8430041
.6332261 .7270430
.5271540 .4250901
.9826130 .6528274
.2782500 .4137076
.3619840 .0568333
.5114022 .2966943
.0686555 .5399683
.8092358 .4262382
.3888157 .4046792
.2427885 .9493063
.5495977 .8184082
.5142438 .6235250
.6480194 .5229205
.8203059 .8663760
.6098328 .0657271
.9629889 .6847156
.2512369 .1447743
.5463793 .1141266
.4257283 .0203165
.3401298 .8267394
.5409869 .0154724
.0357254 .4427002
.1180422 .7939073
.3300703 .0427001
.4159317 .2014328
.8903473 .1026851
.5260585 .7575789
.3195439 .6703354
.0053902 .0904297
.4761873 .6269023
.5079115 .3677289
.8148324 .3158114
.6182692 .6715057
.9033660 .0968617
.0067210 .8117638
.7243751 .3651522
.1142391 .7341550
.2533433 .5578261
.0323209 .8415532
.2864322 .3976360
.4426390 .5520821
.4127418 .2659571
.9935154 .5259698
.9253711 .7725190
.0672490 .4176280
.5649810 .3455444
.4759574 .8921215
.1990516 .4924814
.3427266 .0687319
.4572742 .2038527
.5958969 .5381590
.2536918 .1542208
.6311599 .6010803
.0019508 .6956529
.4702059 .2888275
.8315025 .3786471
.0448445 .8838765
.5874677 .5490325
.1282399 .8282110
.8802848 .5701691
.1740500 .7984444
.6658834 .9586141
.3512548 .9823970
.1930913 .1865885
.0061964 .7946608
.7499739 .5218415
.4602528 .9380736
.2599577 .9081529
.4655178 .3109933
.8945737 .8385231
.9832878 .1713517
.6426183 .1763485
.5999466 .5297021
.0531360 .1133549
.4184170 .2243830
.6870236 .5300442
.4146083 .7395428
.3919055 .9956746
.9686401 .7056312
.2673872 .9986316
.6989720 .2540918
.7105124 .6602340
.1603275 .0029301
.5093928 .5188344
.9173594 .3845948
.5591924 .7773014
.6667910 .1867470
.0690990 .9238954
.3301704 .3920224
.4592535 .5399436
.4438082 .4443481
.5479879 .5108752
.9858407 .6437941
.8248092 .3108637
.4440708 .1238466
.0035058 .5238349
.0712003 .3764186
.7502073 .7207049
.7126776 .0803947
.2683552 .0976995
.3305631 .5160750
.7689905 .1942605
.5759548 .5050591
.9206992 .2896345
.8615277 .9349433
.0066282 .9005608
.9210399 .7802062
.2513490 .7817981
.5681318 .3218725
.8406687 .0173416
.2238202 .1434997
.4529089 .6713619
.8996543 .5217571
.2483643 .9699267
.0179772 .0558963
.5097625 .4707255
.2260181 .7487727
.4632295 .9490917
.9080410 .1573078
.8966855 .0228805
.2984021 .5044039
.3783990 .5320032
.0145160 .5568762
.1977820 .4939117
.7163259 .3319777
.3260574 .6248646
.8992963 .9430927
.1363434 .9366538
.1701303 .7151985
.4286198 .2154246
.5547447 .6122701
.2601372 .1265534
.4504275 .4789599
.6587477 .5680408
.9499653 .0021624
.6555386 .4528174
.8137583 .9764918
.0616918 .5135193
.9129564 .6808017
.5678246 .6049604
.2663426 .1476811
.2848592 .3804834
.7874865 .9789113
.6838558 .6268938
.6754707 .2091870
.6259088 .8845558
.3386922 .5675261
.0872779 .6177326
.3407376 .2877506
.2520836 .9361689
.7915539 .2707407
.5252808 .9405247
.7549782 .7338836
.0598988 .8473511
.6715597 .2667824
.6298603 .2571413
.7574181 .1538979
.8357050 .8123659
.2770267 .5688872
.1154320 .0395957
.1292112 .3740227
.9440575 .8066140
.1477020 .2907424
.7285548 .4150913
.9041912 .6011350
.7122259 .1927380
.8044260 .6895347
.8544275 .2841290
.2653196 .9704101
.9955848 .3424013
.3197919 .3429296
.1887265 .6080373
.8699715 .4709832
.1000342 .4767456
.9398958 .0545847
.7622615 .5943179
.7948536 .9164900
.3040014 .6980589
.0124267 .1960840
.8598313 .2152314
.0140066 .1781389
.6639865 .8297216
.8865002 .1814595
.0035652 .0770802
.4210021 .3237471
.6040167 .2010254
.2347986 .6337479
.1749484 .1146746
.8790962 .6069543
