40
.5955334 .1165238
.7346625 .6493908
.8730493 .4193106
.3199708 .4109002
.2408189 .8775160
.2765132 .2321022
.0384924 .3279800
.1715597 .4516617
.6637467 .3608222
.3248795 .5088823
.8067506 .8693906
.7835613 .8273830
.1119004 .6482537
.5568546 .3573617
.6468400 .5701276
.9964569 .0437348
.3339424 .6954578
.5608364 .4053608
.8222010 .7487760
.6283413 .5567551
.7455063 .6596981
.8394158 .3976956
.2117440 .6768104
.1571186 .2949536
.6686715 .7204823
.1287353 .2785791
.6572976 .3841260
.5884930 .4047624
.7391361 .9983852
.3286315 .2678158
.1054017 .5524496
.3372696 .3822975
.7666098 .5719421
.4980268 .9472696
.1902983 .2718978
.7971345 .9301758
.9003555 .8620245
.9051962 .9873645
.6588739 .6429824
.4967434 .9289145
