30
.2435494 .1485127
.4330268 .6520389
.3964404 .3623092
.9138340 .0113045
.2145130 .8767161
.2052362 .3399858
.1484101 .5123094
.2574618 .4286383
.3549611 .2593996
.0036038 .9582908
.3731288 .2677478
.4922215 .6795747
.1805252 .9100040
.9596572 .6588247
.6736268 .1671965
.2067701 .0043440
.0242608 .9928799
.3705142 .3683033
.3922920 .2049596
.4873210 .0443564
.0923757 .6315323
.8239971 .5425332
.1813090 .9376002
.6817219 .9533444
.8995700 .4590035
.3261319 .9818336
.5012342 .5816654
.1153194 .9465749
.4632614 .2790242
.2292493 .9428640
