90
.4958894 .5192154
.8853150 .3270836
.3311198 .0121602
.4868272 .2459817
.0365659 .2003404
.0454185 .0752681
.9972076 .5967340
.9993386 .6302353
.3159450 .4819280
.6560457 .3848405
.3093874 .6279534
.2907771 .9548623
.1469119 .9469663
.1575658 .4339427
.0321569 .5510322
.7129068 .8751181
.0868742 .1593018
.6500232 .4567317
.9015197 .5394256
.7397677 .5454039
.9752804 .7094437
.6015282 .5520402
.0780648 .3803654
.2004987 .6892134
.7134829 .4515180
.0902221 .9366968
.8176692 .5812703
.3828307 .1009821
.7541075 .6832043
.5127984 .1463147
.4070674 .8180021
.6296864 .2486651
.2709996 .9775156
.6652202 .4871365
.1029340 .7404711
.7114797 .8841454
.8597223 .2073168
.4489297 .7183062
.8795329 .9206261
.2918645 .6818599
.8724879 .0105043
.1785022 .4947192
.2313942 .3723923
.2148361 .9143097
.1203117 .5258052
.5643522 .5263828
.0938838 .5926552
.1262490 .0364032
.6790815 .6861816
.9167574 .7110022
.1359389 .4669188
.1029678 .7888605
.9151443 .6888594
.9651203 .6722849
.2456478 .6527956
.4980251 .0441914
.5999161 .4680310
.9090459 .1872426
.9707591 .1990205
.1203168 .1070377
.1119291 .0783136
.9154673 .9115460
.9926117 .1772091
.1525220 .5439538
.2286341 .8540745
.2487102 .6127722
.4033822 .9981144
.8710888 .8559795
.8891847 .0417675
.5680415 .7971656
.6229547 .8536650
.2672870 .4206415
.5633357 .3094555
.6499045 .1663118
.2331220 .3706011
.0784808 .1182994
.4904918 .1197245
.8896987 .7659092
.8232344 .0810546
.5239352 .9210360
.0568533 .4092269
.4106192 .9896006
.1328198 .7099506
.1996219 .4605704
.9575072 .3501228
.4547267 .7766104
.3431015 .5486414
.1216501 .2049542
.5442225 .1757187
.9540743 .3927145
