70
.2771429 .3275002
.0563105 .7091305
.4116451 .7922337
.0295811 .0723608
.2603957 .4564954
.8766068 .8548710
.1786178 .2505463
.1592236 .5497005
.2169525 .4862905
.9276001 .2383660
.5827588 .1399071
.0646301 .6481974
.4641174 .4042233
.2317124 .0641865
.2019915 .4951789
.5671771 .1454414
.0775091 .3872404
.2848562 .4780336
.4901315 .6241337
.6317066 .0419246
.2612345 .6545614
.2314074 .8243025
.1164837 .7659432
.7943545 .6570700
.6770204 .5584288
.8298925 .0119428
.8090138 .3797842
.8578384 .9096673
.9162625 .0300116
.3747956 .1847803
.3713821 .5810156
.3653141 .9261469
.1153582 .0170562
.5250454 .7557503
.5480346 .6994144
.8365646 .4209073
.9060962 .9444147
.1499025 .6027706
.7904509 .2659895
.5979437 .4686899
.4592805 .4981093
.8381188 .8372657
.7315562 .9419216
.2601493 .3397783
.3211750 .1781227
.6263994 .0446337
.3042116 .9852132
.4955623 .9945796
.0587584 .0846367
.7883557 .2592291
.9435996 .8076570
.7395390 .6349257
.4211889 .2969715
.1852896 .1747172
.1922334 .0067704
.7877030 .3852166
.7912802 .9740107
.7153094 .2039334
.2802185 .9643677
.9839400 .7273051
.1422005 .9494264
.8074333 .9906673
.8823084 .6854778
.7914523 .7388061
.5310097 .1145513
.6924898 .8390676
.2571950 .0083444
.0118889 .4852958
.3520578 .2762769
.3427854 .2646481
