30
.2969733 .8034213
.6232682 .7975051
.2198949 .2746359
.1850332 .4043960
.8866538 .8129875
.2649051 .9997056
.8909943 .1452778
.5784783 .1324507
.7191887 .5129092
.3116387 .7310908
.5571417 .1095886
.6875739 .2574299
.7173935 .3785774
.9139085 .5912740
.7843896 .7711489
.4176979 .3591472
.6215677 .1080288
.1765402 .5047928
.8125376 .2879667
.0760324 .5790764
.6435580 .3029937
.0085993 .1467793
.7857973 .3366478
.5052784 .4496718
.5011667 .5652776
.8767524 .5487037
.2599799 .0167382
.1366864 .0501854
.5949886 .7661651
.5806659 .5959820
