40
.6429130 .8062332
.9935790 .8094381
.7259476 .3249089
.8755756 .4132356
.3961657 .9614058
.1355622 .1912326
.3731787 .1366222
.6983657 .1856677
.7262961 .0121144
.0658111 .9162056
.4836403 .3514339
.0733270 .2730095
.2371834 .5214924
.3884035 .9005895
.7579390 .9775279
.0171249 .6274936
.3687091 .7349906
.1071094 .9314353
.8369392 .6708527
.2896739 .6391205
.6950276 .1912616
.2572995 .3143861
.7050152 .4653698
.9784258 .2943210
.8816239 .1073857
.8516395 .2353367
.9822547 .3786565
.3243602 .4117256
.2624608 .6047233
.3635695 .8876161
.8657448 .9220390
.1718815 .0164412
.4399277 .4862074
.3827221 .4046075
.1089770 .1264603
.5224777 .3400189
.1267051 .7954249
.8615930 .5010075
.4323182 .1523217
.1446593 .2340755
