50
.2292108 .8601590
.2297728 .7338667
.0570993 .9006142
.4480343 .3810274
.3050154 .2468414
.4801176 .8050907
.5405645 .6839513
.3881647 .2833425
.0638163 .1423874
.8056495 .0006466
.7557277 .8113822
.0005964 .6604059
.4974845 .4479779
.4936918 .2762749
.7769990 .7105525
.2268351 .1751677
.7711769 .8304873
.5065742 .8082286
.2914633 .5099068
.5964206 .4365949
.2907356 .4605972
.9061534 .5900387
.6245023 .7800484
.4162959 .7834424
.5987351 .1333463
.6609064 .6505749
.3681741 .6501467
.8380494 .6863302
.0077461 .1674757
.1787353 .3844923
.2884962 .0023983
.5231220 .8627288
.7582918 .3119667
.2562796 .1619323
.2541867 .2170746
.6612289 .3127420
.7428794 .5951927
.8581888 .9351299
.3708222 .5852209
.5074005 .4718501
.4663925 .6341434
.2374635 .9853599
.3207808 .0256052
.3882044 .5400654
.9170419 .3782076
.3806282 .2544358
.1007403 .1370434
.2878668 .7852269
.4009730 .5940335
.6091594 .8807568
