1000
.1206898 .2695254
.8819254 .3145262
.7050099 .7419057
.9634345 .3058232
.1717309 .9567344
.8969813 .4749203
.1179447 .4057011
.4857421 .9770481
.3711152 .5734541
.6115552 .8158842
.9948384 .1873575
.7880636 .5187255
.9551452 .1040790
.2320843 .7339937
.4863579 .9196243
.3740905 .9954706
.5243855 .7464437
.3308809 .7013305
.2799473 .1064399
.7418204 .1535920
.4522085 .2178823
.5908800 .0646080
.7698500 .2206700
.4539749 .9686549
.2143342 .6388525
.4662233 .1231244
.8392265 .6101103
.8256088 .3272801
.6475426 .5447830
.6545534 .1465541
.3113730 .7753042
.5329872 .7639547
.0871430 .7213345
.1870481 .4818703
.2559553 .8647561
.0454656 .0994115
.6491924 .5777969
.2273834 .2619700
.8400765 .1901530
.7547602 .6279179
.6148603 .6678742
.3309646 .4668583
.2929048 .3962373
.0236565 .1765917
.9407425 .7366421
.9509272 .2015259
.8064928 .6270068
.0988572 .9106479
.3603358 .3169945
.3875628 .0429377
.8243260 .6119466
.9303279 .1842569
.3582879 .4184239
.1629789 .1718304
.1730459 .0530308
.4121555 .0374794
.4904462 .2455145
.9629641 .7432988
.8716972 .0252629
.4075903 .1155227
.0891335 .1530579
.8231794 .5634316
.2067567 .3105543
.1435987 .8373439
.3344864 .1892300
.1469585 .6275382
.7901065 .6667715
.1579094 .5664098
.9890964 .5978030
.4271513 .4387900
.8210210 .9908159
.9541941 .3371993
.7846024 .5448934
.2046057 .2643816
.6521435 .1666274
.8686774 .3668216
.5152875 .1052815
.8310343 .5995958
.0133341 .0960387
.3741282 .1318992
.3351400 .1878675
.0141738 .0984408
.8761764 .9924357
.1448419 .2166491
.5712459 .5993604
.9082960 .0928078
.9458387 .4742101
.6788767 .4388766
.5577839 .8398281
.6732908 .5603777
.1458886 .3270253
.1214662 .9363766
.5613025 .4932683
.9606929 .0147880
.2155692 .0109423
.1561842 .9470172
.8093640 .2208897
.6951841 .2798526
.6679497 .0704896
.4280963 .9415662
.9510464 .3843253
.8052570 .4729063
.8612687 .5627872
.9357871 .5690966
.9692014 .2205316
.2168829 .7606302
.8146974 .4508697
.1768092 .5505926
.6307705 .2596571
.4591829 .5639917
.6536530 .6163823
.5537563 .2071576
.0028715 .3216959
.6412584 .8772187
.1987023 .7278560
.6458182 .7350056
.3787699 .9472723
.3444901 .2290033
.2159970 .6578005
.4233336 .6402017
.1492578 .5124360
.1347769 .5524173
.2260945 .4738810
.3305099 .9218948
.7213699 .5468749
.9343352 .8432978
.5219184 .2364812
.3841381 .6435702
.5277710 .9194879
.4028411 .9751469
.1755236 .9169813
.0337872 .4576302
.4865560 .5747883
.7628508 .4018674
.3172338 .7081155
.5016153 .4493892
.9626102 .3981406
.1645935 .7179391
.8496288 .8298007
.6675953 .3423563
.3480838 .5573661
.7203835 .1589230
.0127615 .6408620
.2886068 .6574548
.8209396 .3127808
.7490589 .1134579
.8458942 .4491118
.4375024 .8446117
.6569416 .8072640
.5560078 .5811993
.5949474 .8692676
.5209131 .7059321
.6618559 .7424853
.2344985 .2494302
.4937631 .9102300
.0822138 .6054514
.8570422 .1169475
.5091905 .4743537
.1011874 .1802681
.8187262 .0112444
.4930226 .3460386
.5528528 .9413594
.5048878 .6806949
.8398919 .8414461
.7820171 .1038117
.9924804 .1418379
.2067224 .6156445
.1658061 .8865260
.4318442 .1207484
.9811471 .0423968
.3833886 .4775944
.8131574 .2559331
.1299904 .9412872
.2470982 .4356140
.4699809 .3753085
.5382760 .3480152
.5680574 .2894351
.4417346 .4497465
.6429982 .1529060
.4046482 .2678942
.4132056 .2103068
.8933022 .5580914
.7832431 .3057940
.8149127 .9187610
.8246128 .5499705
.0332531 .1669789
.8779649 .0312318
.4950090 .1678360
.6793811 .6055094
.2974037 .4746598
.5755028 .9583279
.1408051 .5390203
.6137226 .9217396
.2141688 .7816264
.7345918 .1842994
.0351880 .8100467
.3016690 .2305547
.6773089 .7961929
.3144017 .2008565
.9162570 .6927183
.0849495 .4234023
.0607836 .7174382
.8302844 .1266069
.7249151 .4506049
.1340928 .2169241
.8684598 .9908972
.8541105 .3684019
.5828102 .8593493
.7622117 .8163276
.0215798 .6206680
.6669845 .4165846
.4492368 .3405153
.3293380 .4005833
.6720516 .7848822
.1760323 .9361229
.3782598 .4006916
.3665785 .6480779
.5897780 .2397696
.5858621 .6476497
.1449830 .6833468
.1157720 .7908810
.7074001 .6108259
.0692040 .6994571
.2325402 .9917119
.6217324 .8303163
.3159832 .1578766
.8101439 .3135282
.7690396 .5667473
.8305671 .5660592
.6903344 .9641111
.2972687 .4457168
.9763546 .7050341
.8389719 .9855132
.5827926 .7374391
.6229499 .0322197
.0403038 .4772097
.5058017 .3297495
.0594902 .5258077
.7988967 .1015160
.0344240 .8583477
.0786305 .7968260
.5632430 .6363944
.7270164 .6129797
.6271952 .0074666
.3044155 .3628307
.8723782 .9118751
.4685278 .3404022
.7752296 .7341302
.6847866 .5955289
.7849696 .2552458
.8331769 .4506944
.4525991 .3658849
.1028932 .6050231
.8931032 .9079605
.0643115 .6350676
.6891251 .2810599
.9901393 .4203652
.7219535 .4744245
.5244795 .7320232
.7881163 .2972390
.5175516 .1005939
.7936082 .0491688
.7901186 .7385164
.5666930 .9064919
.9879255 .7831992
.8357318 .0413094
.4428132 .9376836
.8094942 .0242351
.6713048 .6425487
.3903197 .4041765
.0985014 .5785618
.8492196 .4693747
.7677529 .3753416
.4879458 .9662810
.8449189 .1252538
.2851149 .8191626
.9977839 .3496851
.8380672 .4230677
.2614749 .5500275
.3231647 .5829806
.5122240 .9489242
.1461017 .2871823
.5746605 .4768678
.0694149 .8150475
.3796840 .9108813
.7031541 .7082655
.2559959 .1890303
.3305002 .3368255
.8512259 .6076978
.3044198 .5615640
.4984305 .5961785
.0731116 .6656831
.9182160 .2309978
.8374536 .5679336
.5110141 .2137168
.6667926 .5471539
.3707616 .7416291
.5416459 .4460871
.4505658 .0389625
.3821106 .6639117
.6305355 .2127634
.9754049 .2112242
.0629711 .9158311
.3389050 .6453621
.0731970 .8396720
.1377011 .7224592
.7356476 .5617432
.1969710 .9275345
.3720269 .4090245
.9757848 .4447461
.6666206 .8874867
.3541933 .3137372
.5857987 .4150869
.6710444 .1292788
.2345617 .5728066
.2648012 .2622223
.2803140 .2797294
.6301301 .7296290
.4080465 .0675191
.7130711 .9778846
.9144383 .2776841
.0186228 .3591627
.1611932 .2699837
.4754617 .3108042
.0378763 .7880241
.9596848 .4585583
.3667538 .0917932
.7768191 .2652204
.5393375 .3873667
.1802851 .5805320
.5166310 .9495768
.2939499 .5983073
.2501418 .0698353
.9227482 .3121552
.8737053 .9318407
.1825133 .5389030
.6497290 .5233459
.3495324 .8434309
.2877572 .9708021
.7008409 .0821240
.2359349 .9113134
.4542978 .5540782
.9121820 .8062033
.4769482 .6165795
.3143091 .0034069
.6524829 .7287536
.4370960 .8601260
.3126605 .8166807
.5271517 .7685130
.7597634 .1242199
.2083403 .3488545
.6414278 .7833210
.3843550 .6875970
.9769234 .6002551
.7307980 .0398682
.3540646 .3419846
.3745396 .0636842
.7848258 .3893744
.5583408 .0190781
.6793020 .2081232
.9263848 .5007138
.3133242 .8187195
.4516333 .6654476
.1537000 .4054206
.5564548 .4925500
.7831163 .4107510
.9389253 .7371758
.4381210 .8733455
.9812321 .7079659
.0296923 .2776617
.0438703 .0556460
.8356226 .6261770
.7874738 .0769457
.9036919 .5877076
.9483158 .7303800
.8382853 .1264651
.4464126 .1781843
.5021363 .6199375
.7369137 .2002640
.8781461 .7116719
.0237331 .6971937
.7201597 .5370808
.1243104 .5733472
.6800632 .9635205
.8786558 .8689553
.5230205 .4946366
.1945772 .8295447
.2119984 .8353573
.9618726 .8385908
.6233285 .0674861
.6864518 .4076056
.2008535 .1536195
.0134788 .7680546
.9085813 .2136341
.2368665 .5297404
.5296592 .7852746
.0284575 .2863809
.9992589 .1079642
.2491433 .3243336
.5545671 .3138864
.7986749 .5255530
.7278812 .1671752
.6811467 .3891956
.4777540 .4927375
.1567534 .5035890
.1145903 .4503474
.0525860 .8948430
.3850027 .0442239
.7385944 .0109731
.5749761 .3578674
.3495693 .6593242
.4043804 .5505164
.6477304 .4260924
.6310174 .1647226
.2584149 .8331421
.6650918 .2312643
.3460905 .0298678
.3061708 .4124572
.2896345 .9148530
.3332403 .3299005
.4121707 .4093024
.6707924 .5473639
.8569059 .7749547
.9738871 .6308853
.4990068 .4341991
.6642362 .4307637
.2547627 .1977084
.8364540 .3060108
.8907538 .0608325
.3551275 .4605121
.7326307 .1575676
.3831714 .8386651
.4980804 .8608900
.2114661 .0311464
.4917511 .6289207
.4779314 .2007410
.9489967 .6935284
.7373730 .9233740
.4354335 .1848851
.1255592 .7576519
.6231362 .3329254
.9934453 .9518803
.8819899 .9729205
.4991743 .5526999
.0439213 .1332334
.0528458 .8137175
.2036059 .8620621
.2159687 .6728234
.9844475 .9573771
.3554064 .5678154
.4833135 .6386035
.4193853 .3235307
.9593264 .6156664
.2071824 .5394383
.7861329 .0840931
.1983367 .0416098
.4661371 .9547271
.3330495 .6816927
.5193612 .6015367
.2217588 .1499825
.4065370 .5067847
.4250939 .5394706
.6108871 .7627308
.1894538 .1098571
.5584945 .2538650
.0396996 .9494955
.8633228 .7316835
.7978283 .8511087
.7875081 .5810098
.9813950 .4734205
.8456444 .9761099
.3917931 .4626046
.8760848 .8871345
.4716768 .2992068
.0629439 .0110204
.3217452 .7999670
.4171571 .5916879
.9361841 .9592935
.8987978 .1254515
.2472081 .6190514
.1585226 .4198032
.1537547 .7023515
.9536662 .1254215
.2263650 .7691970
.5017985 .8681632
.7960483 .7186936
.9066424 .0832214
.4033747 .7810883
.5507874 .6483316
.0465812 .6576962
.9067770 .9151860
.4530141 .8598491
.1705586 .6738361
.0231696 .9888678
.7541091 .3171199
.6648526 .8447681
.9599553 .8018159
.1379382 .7464817
.7594441 .1685830
.6468139 .1228409
.8566428 .0595840
.3142054 .0609710
.1758191 .9742756
.1006409 .7840909
.2852214 .4809792
.1397124 .6185647
.4735102 .2427885
.9694363 .4824150
.3253316 .9469179
.5708204 .8039274
.4843363 .9100199
.4801022 .5164793
.3180879 .5690874
.7124562 .7688421
.5699222 .9965903
.2011663 .5709744
.6455804 .1752499
.4837432 .0332620
.4724925 .6456160
.2091314 .3593169
.1095940 .3491630
.6394096 .4633335
.3856696 .5192362
.8041454 .0846692
.4020972 .2476478
.6522237 .5842778
.0366589 .2393186
.9384437 .1869273
.6014611 .0618733
.3718612 .1742970
.2001088 .1397982
.6186723 .2691108
.4447747 .5094505
.1607658 .9489538
.0678404 .0551383
.0158563 .3973671
.3180294 .1384671
.3677214 .8837534
.2775464 .2014308
.8644351 .1445875
.4723502 .4941199
.5350099 .3359390
.1574672 .4136863
.9544399 .7984084
.9158603 .3431358
.6451839 .6147931
.8729570 .0848957
.1185500 .0801578
.7471690 .1707042
.9986421 .0130167
.6647584 .1094737
.0884134 .5220855
.3878802 .0591723
.9733498 .5500421
.2477120 .9657302
.9422818 .3259949
.2379270 .8272876
.9532025 .7914146
.6925330 .7790418
.5886586 .0771818
.7189397 .9533048
.1216899 .0966599
.7421916 .7894321
.8283209 .1133585
.4872660 .3248008
.6026695 .5113357
.5183432 .1042962
.0097286 .6490304
.7896642 .2525789
.5902195 .2572468
.9521577 .9490381
.1404921 .9315685
.5010982 .4555685
.6446943 .3880848
.0278052 .8354223
.5402257 .7560044
.3254707 .8681634
.2422617 .6660339
.0557613 .1494689
.7177698 .5913559
.9565337 .1409678
.9503611 .0781661
.6970014 .6177551
.1284226 .3720717
.6876254 .6004554
.2616726 .6497312
.3380591 .9430176
.8144751 .6839653
.0252867 .2025733
.1543475 .3247256
.6708311 .6069789
.6550041 .6247895
.3032169 .6598587
.8564056 .6724090
.9599160 .4203554
.0485295 .0453844
.1094353 .4411628
.0773599 .0417151
.4841824 .8570330
.3248017 .1781124
.5309212 .7376115
.1302875 .5237878
.0181659 .5414299
.0296400 .8350756
.7864099 .7579605
.9027198 .6961517
.9728021 .4650963
.4493979 .4093913
.7594322 .8610375
.5448832 .6103109
.9439089 .5906308
.3392910 .8385845
.2600848 .0524904
.0289757 .8478474
.9207374 .4580280
.7924746 .4899351
.5354333 .2675964
.3933233 .7083755
.2858167 .2405986
.5344183 .6034003
.6148482 .6314163
.5204146 .7059855
.9912248 .4046380
.6497804 .4785136
.5179853 .5321074
.7079689 .5390970
.9253237 .7090502
.8466385 .0174433
.1695268 .8627440
.0773494 .5619165
.4879021 .7381619
.8355928 .5371736
.0562048 .1815222
.0237897 .5239815
.7705780 .4929980
.2489117 .9395543
.2280372 .8097584
.4480567 .9575506
.4932165 .7733168
.7475482 .3787448
.1871090 .0316218
.4193307 .0808814
.9760265 .1647358
.5615092 .4913605
.5236423 .5790732
.2042399 .4487205
.9309058 .4023119
.6817176 .0554101
.8505013 .4800118
.2571405 .8196091
.7345099 .7139676
.2691642 .6198942
.6536856 .1171660
.8018928 .8228901
.0994265 .4541893
.5698000 .1977160
.1177733 .9897916
.0455382 .9965843
.6887432 .9204538
.7212782 .5403379
.8016787 .1897755
.8494382 .6305835
.2232042 .7018693
.3103109 .8133964
.2314974 .9982725
.8435934 .5878894
.0090549 .2415504
.3870597 .6682714
.0436182 .2785341
.5050173 .8899104
.5685817 .5012766
.8656398 .7553863
.2526855 .4851199
.6311935 .3401074
.1842616 .6990152
.8374689 .6507958
.5354050 .1292132
.9248046 .8235614
.6713383 .0469212
.2968514 .9684006
.1125887 .4342939
.0660744 .1583191
.5725526 .2494571
.1258445 .1059098
.8782434 .6859530
.6842227 .4876498
.2226577 .2283090
.9081064 .6234511
.8659133 .4241637
.0496887 .1906329
.7592584 .1228026
.2390873 .6795126
.9588923 .1458556
.0939328 .1517731
.1604173 .0715585
.6725761 .2496791
.9423277 .5801714
.5237869 .9686227
.7683799 .6131550
.2912746 .0294089
.5616462 .8683129
.3324754 .2896717
.5126748 .7505964
.1117264 .9728767
.1931347 .1244190
.9195871 .9630491
.1747517 .8064212
.1315825 .3456908
.0489188 .8734462
.3174368 .0398565
.5402274 .1523089
.7998459 .9700730
.5299858 .7565545
.6814063 .9142395
.1637153 .7290814
.0383884 .0168717
.4073057 .6640330
.2370157 .9955836
.7251184 .9800231
.6656932 .2495595
.9525110 .1003318
.2866307 .2964999
.5851775 .4024755
.1714315 .0511472
.9560004 .1052940
.6638651 .1835493
.1519652 .3796936
.2631377 .8657299
.7617396 .4502196
.1838988 .2759364
.0489282 .2869832
.4539038 .8621577
.0144383 .0969168
.1730844 .0906804
.8289855 .0731684
.1826707 .6781099
.7561869 .0524338
.0713716 .5210592
.1080927 .6004705
.5563489 .0286283
.8260456 .7716913
.3862379 .5983957
.4955955 .9829108
.7756597 .7639505
.2074825 .1547689
.9369665 .2255447
.5775944 .9953801
.6542412 .6372606
.0349650 .9551307
.3632723 .6837129
.4634552 .3325510
.3632222 .5937618
.4124138 .0596033
.2824289 .7025313
.0345016 .0788380
.6311225 .8182509
.0126362 .6204549
.2642108 .7465767
.0378357 .2076428
.1015935 .0791603
.6182612 .4144531
.9531163 .9098229
.5471349 .2601539
.3991704 .0828114
.3311044 .0733090
.2024966 .4227816
.0661847 .5610001
.6758637 .6024066
.1182989 .9744504
.9953707 .2653757
.6798083 .4100882
.0090725 .0720672
.6799323 .6005939
.2118626 .7418667
.1607633 .6469889
.9939593 .1370064
.3143372 .0711197
.9633540 .1124435
.8200811 .8162622
.2210833 .3267064
.5235905 .3177832
.2486010 .4893550
.1422304 .8691494
.0527429 .5687524
.5431797 .0218286
.0972207 .1937562
.8753937 .9190858
.2091369 .6867557
.7962023 .9491011
.1511084 .6327143
.2510497 .0255227
.1481081 .3265791
.4638732 .7142867
.7945042 .4941058
.3859641 .3125772
.0698916 .9308599
.9305155 .2749368
.4785816 .6704133
.6735935 .9360582
.6009429 .4326082
.8026223 .6004697
.7965903 .8107166
.1008179 .4944514
.8085814 .2644362
.5179790 .9808702
.1507379 .7634485
.9298187 .4364752
.1708374 .0807583
.2522451 .3343403
.5121542 .4107728
.0638296 .8498498
.4735488 .2660824
.8967974 .6426842
.8104372 .5087170
.6693909 .7229559
.3294107 .8532932
.3230460 .2877451
.8994352 .1354798
.2566471 .3530883
.1113344 .9016105
.9648390 .5817378
.8310780 .2136096
.4231296 .0320419
.5651322 .6846858
.9419780 .1788584
.3292237 .3100336
.8453775 .4717981
.2141981 .2150833
.5142729 .3250759
.8906451 .5312001
.8566515 .6401123
.8915113 .6821707
.5969722 .0475512
.8504373 .8188732
.0779060 .7578332
.3319468 .3062276
.3848085 .4046504
.0342815 .3154052
.0730858 .1668156
.7305319 .9123615
.8233078 .8120587
.2801586 .7055911
.8787263 .6093215
.5199443 .2035991
.7324151 .2300275
.1472617 .5554894
.5117366 .1668328
.3432059 .2633075
.8288982 .6413206
.5400117 .6568778
.1881545 .6882330
.2951771 .2428745
.7103934 .7689563
.7602397 .2492916
.9895681 .9943444
.9791207 .4913650
.0553680 .3773722
.6607510 .7298736
.0928033 .4778399
.7722521 .5596458
.8596765 .7701741
.1086479 .0745471
.4323861 .9245785
.9168560 .5622579
.4717964 .2421572
.8769384 .6823038
.7941906 .4644460
.6512013 .3060911
.5052344 .2628226
.3681208 .7176796
.8425931 .5168135
.5671445 .3957027
.3980011 .0631412
.2335830 .2647726
.4623585 .4277568
.7289677 .2008976
.4554565 .0668505
.9878197 .7194401
.0503893 .2032111
.8106521 .1229732
.6542384 .2520975
.1266190 .8345897
.0213766 .3242685
.6064479 .0218112
.3013878 .0487774
.0435327 .6967654
.7952968 .0878538
.7422518 .9667793
.8341948 .7714428
.1990963 .6505052
.9136049 .2480488
.2629667 .6501890
.6126941 .8571948
.5324242 .8002333
.6848808 .9403633
.9936672 .8528356
.4981438 .3224960
.0149588 .2077277
.8895920 .9532857
.1700578 .2769275
.3272301 .8723767
.5313114 .2664872
.5775427 .3684736
.8063599 .8624943
.0831443 .9900366
.9322864 .9726009
.8704828 .4229791
.6164266 .3791436
.6310862 .1043785
.1403395 .9250080
.9362614 .1539338
.0265357 .6358174
.3271545 .5775361
.5978735 .8763130
.9298106 .9681488
.9159694 .0769822
.6259889 .7739959
.1339338 .5186055
.7001555 .7361168
.1941459 .8344639
.0039378 .8674387
.4850220 .9270144
.4415496 .3419367
.1707241 .4799261
.0809297 .3109608
.2409009 .6970058
.2207441 .8277074
.8977568 .7737653
.7656334 .0408658
.8964209 .2997188
.4413020 .3529754
.2606283 .6319823
.5648976 .5037478
.9755561 .5429098
.8097790 .1468455
.5671637 .3333674
.8898689 .4911193
.8539896 .2633624
.2474944 .4623999
.7319577 .6651210
.2575898 .5353681
.9417510 .4898968
.4455248 .2501000
.8756238 .2558095
.7282886 .2653586
.2975582 .3043963
.3894595 .8488768
.2563226 .7703405
.7349762 .6395237
.5316764 .4915494
.1843603 .4506472
.9235841 .9424195
.6533726 .3688264
.0142621 .8062867
.8892774 .4260256
.3320949 .5957352
.0265924 .1114985
.9413157 .3011734
.8245784 .8060291
.3757771 .8558979
.3004225 .1659987
.7205232 .6442992
.9442518 .2966087
.9001425 .6809399
.2414361 .4081606
.4244235 .7214893
.3692573 .1598678
.7235619 .6389662
.9015873 .1130335
.7184942 .0549406
.0568953 .1278627
.5457450 .5373259
.0593421 .0714511
.7069047 .6836687
.8350795 .2219085
.8443835 .0584552
.5088058 .0558926
.5488416 .1394338
.6593004 .9323480
.9585657 .9833249
.3847108 .2097336
.4834691 .0150917
.9539728 .6707691
.0302268 .8842070
.9025405 .3285136
.0617407 .3606017
.2787698 .7386912
.3225563 .3442537
.4594651 .2713809
.9184366 .7552002
.3144485 .2637686
.6569396 .8121672
.9831763 .8854042
.3279587 .3925334
.2915815 .6365940
.3076669 .1260167
.7321110 .8449724
.0725668 .8788215
.4895125 .9382115
.6662995 .5410413
