70
.1577762 .7593631
.4307256 .5804669
.1538619 .0702737
.1590541 .5957308
.5744589 .3406273
.0992813 .7801328
.4741908 .0844345
.4480726 .1729722
.9260533 .2839578
.4566487 .2694186
.4393764 .9457238
.2976920 .7809169
.5414271 .4728949
.6570560 .7064844
.2958891 .9305777
.8511360 .3147363
.3295628 .6635302
.5257837 .9464902
.5109135 .8740027
.7347258 .5313962
.2431995 .9818776
.6159957 .7637523
.5610043 .6081485
.3628070 .3345211
.6997228 .0218793
.2869989 .7381035
.0780759 .4833888
.2525670 .1706666
.9167016 .1533001
.5552715 .0563113
.9214523 .6065536
.5707902 .8601205
.1858741 .4182950
.5047610 .0926896
.9986076 .1379888
.8572529 .7361332
.5507935 .0399644
.4531060 .6213222
.2861370 .5711467
.9671159 .3922607
.1697508 .0857441
.8555940 .3755942
.5064015 .3754481
.7473300 .6382839
.8369946 .2230079
.0888227 .4090133
.2941972 .7151814
.8097245 .4409488
.7016796 .7737924
.7911888 .3245793
.4417055 .1642405
.9861068 .6765548
.1653758 .4200836
.3474846 .9282456
.9388891 .4185320
.6483560 .4481984
.2553823 .9306381
.3900387 .2252954
.0304001 .9649132
.0491502 .5212603
.4624915 .1748404
.8489945 .9167361
.3889787 .4975564
.1866230 .1065077
.0982573 .4586319
.1194741 .6660996
.7592231 .5796617
.4189022 .7709618
.6682288 .8620764
.3235340 .3953139
