500
.9807815 .9079952
.4087350 .5413136
.8286280 .9175023
.6307626 .4266097
.8826277 .3508709
.9725149 .3149466
.0050091 .7011490
.6206812 .4271076
.3620004 .9934408
.4721263 .1450287
.9775530 .0195529
.8839167 .8362304
.6173191 .3089483
.7804440 .4213409
.3745974 .2707051
.1236758 .9378371
.8316879 .7718244
.0197921 .2163663
.5944230 .8804379
.9506890 .2525179
.9422434 .5240301
.0984618 .9462245
.5861996 .7559788
.9789200 .5501154
.0553492 .9893248
.3078422 .3116541
.6983500 .1829731
.0699607 .2437967
.0392544 .2283067
.2119734 .4847423
.2997740 .7967142
.4911254 .0161377
.0172379 .2216032
.2214907 .2453801
.2582859 .5903501
.5999167 .7034681
.0506680 .5381213
.7790848 .3847047
.1145198 .1298652
.8901899 .5154996
.2428104 .9897967
.9937561 .1810704
.9184672 .2276689
.8329978 .5930485
.8106283 .8938158
.8463013 .1173721
.1997166 .2836535
.9177578 .7074393
.3632205 .4578106
.7486249 .2468246
.4213690 .3346141
.6470354 .5809596
.6919509 .5730633
.2746241 .7275853
.5215128 .5599563
.9608976 .8585195
.8187311 .9452844
.2905526 .0348850
.7750451 .5736475
.6644429 .1864452
.8653201 .0120616
.4979248 .2226172
.2125348 .2893984
.9047749 .1551235
.4979158 .4906072
.5621782 .3446138
.2117265 .4780943
.5913380 .0379904
.2677148 .6689634
.5354682 .7591190
.6311942 .3435251
.8761940 .3101409
.1095274 .6983559
.1921254 .5282530
.9845556 .5244962
.4084724 .8556177
.5769376 .1639175
.1804616 .4875382
.6575677 .8884303
.0498837 .5732175
.0839067 .1055337
.5547681 .7988435
.0493295 .3136075
.0858428 .7664349
.4891229 .4300967
.2865044 .9133817
.7727228 .3642139
.6894025 .2539452
.8008081 .3009806
.7638332 .8596766
.6781289 .3444087
.4928586 .5628096
.5960977 .6100865
.0738128 .6346998
.4683675 .6746449
.5945376 .8673655
.9405154 .0323344
.0217156 .2146539
.0517057 .8655125
.1759413 .5125469
.1594721 .4320109
.3770949 .3151659
.5336962 .5714046
.1270731 .0111634
.7551241 .5349145
.7463824 .5189305
.8775062 .2883371
.6754303 .3304422
.0783317 .7997685
.7569514 .7521271
.7663078 .2172842
.9868025 .0839251
.0568647 .3169051
.8977391 .3292163
.0802038 .6464232
.0536707 .9205878
.3474104 .3317558
.3966767 .8989997
.6540721 .9127138
.9096605 .9538355
.7203420 .6352116
.9253336 .6131110
.6116164 .5852674
.3061573 .4988050
.3026152 .5824515
.7063351 .7013867
.5748170 .9699946
.4598482 .6871896
.4955649 .8963664
.7592739 .3768460
.4268834 .3670484
.3276110 .7045792
.9507801 .6812373
.5559876 .6062898
.0607142 .7196131
.0878285 .4460945
.9286433 .2168588
.2662330 .7708114
.6737782 .3746214
.1048606 .3118712
.6805238 .1228295
.0599443 .6037928
.6742365 .6330091
.6260645 .6647343
.1870249 .3772622
.5924168 .0322393
.1420295 .5991545
.8084077 .1481810
.6510853 .4436976
.8339166 .6605904
.0425627 .5461742
.3943781 .6135757
.5861486 .4045374
.8153700 .6244216
.0195278 .5957830
.4545471 .8312381
.1560133 .5188438
.6469455 .4047379
.5973044 .9684553
.0868022 .4608879
.6143889 .0168825
.3264951 .9318357
.0022921 .3916556
.8099194 .9326941
.2585845 .2133191
.3899797 .9209966
.5664307 .4609385
.6118019 .9409510
.2531663 .1655085
.3661586 .8705529
.8050705 .8307494
.2103699 .1781924
.9958247 .1228504
.2829794 .5161494
.7652640 .0687876
.0577400 .7383301
.3890982 .9077121
.1332611 .7733055
.1194512 .8398263
.9659898 .2931889
.4480088 .1379542
.2424203 .3136631
.7334246 .7919130
.9554620 .6975877
.1150669 .8456237
.8911443 .9085875
.0663581 .0999077
.0242131 .1039009
.9705146 .5659117
.3310735 .5370702
.7645965 .0783454
.0098747 .9678121
.7170774 .3650034
.4917114 .9931620
.1898059 .6076414
.5628458 .5027574
.8849044 .5449798
.2119349 .3414476
.3759906 .3246899
.4723943 .1913330
.1437820 .9084611
.7396357 .0573539
.0387908 .6109361
.1849016 .8877258
.9261108 .4852139
.5281807 .0523650
.7643804 .3680350
.3261384 .8460042
.7555457 .5174751
.0185313 .0224987
.3841896 .4032391
.3871192 .6848918
.7426005 .2702766
.1310234 .6716796
.7955849 .9536918
.4557371 .8504231
.1499279 .8775856
.6009621 .3499263
.1175448 .4608304
.9740363 .5636650
.7463920 .9546084
.0773422 .5095512
.0742739 .1631378
.9736389 .5414671
.8604542 .1011352
.0641639 .1208516
.8786090 .4075104
.0894950 .9539873
.6098018 .6903338
.3189652 .8020535
.6409702 .7865418
.8747847 .1335174
.7255553 .4819351
.2333542 .9065495
.4585239 .2910549
.5374541 .4749177
.7057936 .6182795
.0054755 .1737551
.8431242 .6242427
.1915266 .7687486
.7245465 .4562290
.0745047 .7881868
.0255095 .6558126
.0639831 .8839696
.7888068 .4574784
.3224193 .8046476
.9271362 .7015590
.8206660 .2678574
.0775229 .0043311
.9584520 .8856886
.2199373 .8958197
.2723126 .1565747
.2129376 .5275357
.7867877 .1607929
.8982002 .3813036
.1944851 .6906053
.4060460 .7273129
.7182210 .7550122
.1656644 .3728083
.8428163 .3050486
.9843499 .9382299
.9216502 .1480675
.1948457 .3583780
.9676486 .8155514
.7514963 .8331141
.9214361 .0132042
.4445011 .7834812
.7298002 .5464340
.9447881 .6807271
.2318132 .5483766
.7250513 .5208222
.8918480 .6483493
.2479669 .2664521
.7796958 .5506157
.0806894 .2604295
.0069725 .4285955
.3830699 .3547796
.4023784 .5977146
.8108055 .6616944
.0500671 .0679834
.2465726 .2169051
.1167845 .6896515
.5822657 .6910687
.0334711 .5239411
.3714315 .2662874
.6420773 .5654455
.5879905 .0261557
.6223395 .7203199
.6880509 .2395444
.8175977 .6494266
.0861829 .7389659
.6123221 .3001463
.1236021 .6295952
.0932557 .1941798
.4084622 .6781350
.3548771 .2683472
.5205286 .2224905
.1796546 .6757059
.6540681 .0519360
.8132052 .7772545
.6714816 .6089008
.2303839 .8596216
.7912032 .6709490
.9044411 .1084802
.9593290 .4357677
.5890746 .1955033
.7654897 .1412794
.1314007 .5805296
.1572965 .9331503
.1689664 .3097617
.4694230 .0062524
.2298337 .6623055
.3856958 .8958333
.9428901 .3557123
.0556090 .4165377
.6547931 .9984359
.0381102 .8187939
.8067287 .8427912
.0804802 .3656928
.2023826 .3531389
.6813075 .2801541
.2395738 .3051459
.3440917 .8601425
.9108064 .6551193
.4995605 .9347787
.7189524 .7831108
.0455021 .5996459
.6072955 .3767745
.7954584 .6262088
.7596527 .5793599
.0021547 .8263304
.0651461 .4067660
.3757022 .1441527
.7298374 .1148108
.1855764 .9574058
.7077583 .3757968
.3417799 .0492874
.2582856 .9476330
.7046216 .4487023
.1442224 .0712129
.8718266 .7566543
.0817637 .1319972
.6213909 .0432058
.5436529 .1268328
.0213782 .7134654
.5916787 .0814822
.6138644 .1407989
.9531309 .6001848
.3871359 .0266648
.1243285 .9653379
.5031940 .4824429
.1367683 .3501186
.6692632 .2901267
.1992132 .4040842
.0425033 .6740696
.3610642 .3035341
.7341451 .6308953
.4450344 .8442050
.1179543 .2824841
.7743820 .7507554
.7209430 .1384101
.8631616 .4799818
.6417426 .3176082
.6260301 .7348567
.0516881 .8601863
.3635018 .9537876
.9205909 .8724269
.5430846 .4010296
.8960597 .4419547
.1678666 .3044474
.1622159 .5240324
.4307523 .8478608
.7084020 .2597934
.7110831 .7465504
.0361517 .8061896
.2847237 .5731732
.8959410 .5363194
.0802579 .8518802
.8342159 .6458794
.3016265 .0328616
.4935648 .4525337
.8177511 .5674130
.7798142 .1133072
.1463424 .1319375
.9119431 .6614508
.0735821 .2426113
.4141840 .1668951
.0826095 .6427785
.3921619 .8791692
.6281385 .4520251
.7415827 .2818074
.8959867 .5963572
.7414596 .3735752
.2162200 .8874924
.9443351 .9325909
.1359136 .6180095
.2410560 .1904010
.8686025 .9575118
.9825586 .8575415
.1762564 .9800787
.3084707 .8508894
.6474670 .9696423
.2722917 .8644421
.9413837 .8195573
.5631354 .0248505
.1871899 .8850654
.8896578 .6443449
.8674766 .5196274
.3855096 .3274252
.8621520 .6227269
.3776027 .6421052
.7664303 .6797818
.8763161 .9074014
.1883774 .7537570
.2356498 .4894039
.7323617 .3999902
.3139190 .8894629
.2259683 .1651472
.5520227 .8380268
.0783947 .7801556
.7742722 .0022779
.2844626 .8849451
.9913948 .6382012
.5140497 .5868870
.5192741 .8688688
.1433925 .7495105
.4804249 .9888203
.3712207 .9653959
.0757696 .4552349
.2854805 .9566532
.4371526 .6434175
.6593803 .8751065
.6188462 .0677306
.3000673 .7867601
.2692250 .0877854
.0783075 .6033480
.3394788 .0592336
.6495193 .8872947
.1198393 .8121626
.8392917 .2622819
.9179827 .0486680
.4015207 .5043380
.4691887 .9829454
.2434197 .5999963
.0411407 .9779796
.3153132 .9081175
.2031050 .1759118
.4382122 .7574808
.0922779 .7251911
.8300992 .9977553
.1395000 .1649760
.6215290 .7789775
.7099612 .2616962
.0389845 .6837445
.7571108 .9675225
.1843209 .7339846
.8524101 .4864830
.6419886 .1349470
.9999638 .4294030
.8814621 .2349698
.3211090 .8895094
.1568114 .3401855
.5348758 .5897055
.0925517 .9356323
.3885191 .0909812
.3261972 .6727839
.7182178 .8974419
.5822308 .2703345
.2411926 .0728198
.6958961 .2596934
.7820734 .0593268
.8922176 .2461036
.3910006 .5631328
.7473777 .9451181
.3788303 .8798550
.5949182 .5243855
.0235898 .5540351
.7546086 .5018426
.6271484 .9119142
.1111284 .3305171
.4445907 .3276986
.6943616 .4817368
.1811564 .0682013
.6419969 .9046589
.3505065 .6350391
.0746805 .7102021
.5986321 .5507438
.9880776 .2587171
.5926170 .8159811
.4562811 .9175990
.4128304 .5378540
.6259537 .9295610
.4186389 .6697723
.7268243 .3639798
.8165293 .0248825
.3855737 .2196255
.8682907 .7783508
.8481546 .5517312
.7457667 .0471605
.4190957 .0917681
