50
.9149119 .8867600
.6601656 .2314464
.1475371 .6050166
.3912440 .6106789
.9235940 .3799754
.0221283 .6319973
.6211408 .8809947
.0156014 .6817676
.8630370 .1754421
.1707177 .9892193
.9794914 .0307652
.7517611 .5752723
.2440165 .5061802
.5238515 .1222944
.9969649 .5820650
.4688388 .7109399
.9029197 .5341994
.1222526 .8970287
.0257278 .6406903
.4075155 .7080724
.1205528 .4125209
.2387862 .7200578
.1961513 .1024610
.8975763 .2625082
.3402882 .4473469
.3270955 .7631736
.0619619 .5487674
.2860251 .9899923
.7085723 .0477552
.2015032 .1217525
.2744784 .2884682
.1884447 .7621807
.2272221 .4198274
.8753025 .7245456
.6241945 .2159383
.3989302 .1123044
.2483483 .1066536
.3947197 .3003720
.9168662 .2370993
.3915791 .2133018
.3591424 .4951817
.2909823 .0705397
.6551774 .9722931
.3191775 .7320075
.3951781 .3054173
.9330876 .0740984
.3759561 .2768942
.7623783 .5387678
.3872802 .8470065
.0990197 .1463087
