50
.8113031 .2795033
.9932171 .9884373
.7621544 .6401780
.3270306 .8869122
.2700832 .6028227
.5188262 .8682753
.0464102 .5217087
.4008848 .8573595
.2419368 .5322262
.1207630 .1590036
.3491012 .2827395
.6888150 .9638993
.5724067 .2817730
.3754282 .5544774
.5225702 .8530561
.6598970 .1568029
.1623651 .4302913
.6419763 .5743406
.7007021 .2875998
.0702177 .5873097
.3187627 .3412261
.8595885 .2516906
.6281293 .3615262
.7935203 .2668123
.7034960 .2273131
.8488374 .0193690
.1868599 .6005559
.2498751 .2117173
.7987271 .8990172
.1419263 .5379227
.7749909 .4359477
.0528609 .0142905
.1233982 .2552081
.6517369 .5715575
.6960751 .1304557
.4683950 .5805730
.1270865 .4690764
.1497819 .2566888
.5966193 .9536655
.6260087 .4522411
.7537550 .5918235
.5583070 .2209752
.2430929 .7921327
.1460201 .6800589
.1093584 .9411912
.4719522 .9990023
.5587378 .9617809
.9437127 .6423576
.4836702 .1614280
.1095296 .0540645
