90
.4373256 .5242451
.0723425 .8342570
.1828745 .6065562
.6073678 .8596846
.6560542 .2487166
.5041848 .1894803
.5363791 .1981554
.1961474 .7767866
.3509494 .6455338
.6795570 .0596937
.3901966 .9457177
.1327391 .9675215
.0746835 .1874409
.2094725 .6235027
.8194430 .3621223
.9182887 .3686668
.0285458 .2212450
.8625763 .9743575
.2910701 .1566559
.4200315 .8426511
.3630977 .6398769
.1251889 .7595262
.0189044 .4033295
.2144644 .4469842
.9358316 .5640230
.3157359 .7769725
.7265573 .6420453
.1179005 .0189528
.0222953 .7128937
.2314696 .7888056
.8009951 .9925686
.2280132 .2815147
.2935458 .6632252
.0905428 .6732500
.8234617 .8182940
.2726351 .9771044
.5642078 .5901420
.6926540 .7753647
.8433562 .8088230
.9097332 .7118469
.3818126 .3530401
.2566369 .9300230
.5145718 .5574031
.8451364 .2434546
.4695052 .9341805
.3035249 .1189444
.3427085 .7913097
.2322491 .8718655
.3506083 .2572157
.2387773 .0868516
.7954791 .3702827
.7906414 .3924615
.1749428 .3074008
.9475102 .4801086
.9075347 .0001621
.4280602 .7474868
.8332068 .2447749
.7517294 .1844732
.2648411 .3158966
.8730652 .0620686
.8871240 .8461265
.4887238 .5268836
.8826442 .5701316
.9231460 .1770209
.6594779 .1310918
.2549271 .8694746
.4949684 .6206135
.3858376 .0913972
.0195535 .4222611
.5197186 .8623055
.1524996 .2416805
.6380028 .9035362
.9659153 .3587050
.8487855 .2345585
.7796082 .9921367
.9511094 .8901268
.0498576 .5268594
.3868273 .4922507
.4701767 .9538439
.3279873 .2886006
.9992668 .3922411
.5345391 .2537821
.8058001 .6123904
.5692017 .1489406
.5940445 .1099980
.9149665 .1929251
.3588349 .9832329
.6348419 .2967752
.9106440 .5618258
.7594804 .6721401
