1000
.4419614 .7030367
.8119014 .6824092
.3117634 .6804861
.3352387 .7720602
.7797765 .2204780
.1777903 .2863381
.6980225 .8885016
.0327005 .1118901
.5083632 .6844155
.2284963 .0838585
.2617533 .1361946
.7889530 .1129533
.5801045 .4458035
.6817145 .9200778
.5463686 .6034614
.3863330 .6200403
.5707164 .3011935
.5057903 .9212261
.1718183 .5550064
.8432112 .1179713
.4298735 .6130720
.9837800 .8662993
.3973507 .8482314
.9647337 .4086842
.4670360 .2077129
.2751342 .8441215
.7551084 .1594980
.5808230 .5580554
.8072222 .1090172
.7849427 .3021496
.9131281 .5751240
.0645789 .8535435
.2428716 .0613436
.3108302 .8316265
.8052212 .0255084
.0718742 .1895250
.4743530 .5638620
.9727558 .1469655
.3191162 .7478088
.1655977 .8479736
.1730784 .7834973
.3411177 .7055362
.4631503 .5446288
.0856531 .0679165
.1175879 .2330596
.9637277 .2772973
.9357062 .0632010
.8984785 .0978807
.8443783 .4956885
.6523716 .5120079
.4004934 .6515853
.1075070 .6013243
.8216544 .5462703
.4248297 .1650270
.5246811 .5554318
.0286456 .3358302
.0955876 .3650204
.9083887 .1309932
.9657961 .3008894
.3325064 .9526186
.6750735 .5579496
.2960297 .7979583
.9972047 .0662728
.6277790 .5637181
.6123854 .5934699
.6066370 .4728287
.3409046 .6771306
.3077903 .3999151
.8035274 .0339227
.0357257 .7422512
.0302577 .5663905
.6049541 .4333827
.9734982 .7853451
.5933429 .6213592
.7542035 .6232867
.8954682 .2646722
.1280797 .9083207
.0109555 .2060783
.1383956 .3118066
.7692749 .8745305
.9451754 .9272933
.0592910 .2829701
.7976133 .7714270
.2279539 .0167892
.1451249 .8452524
.9542558 .9638761
.7477045 .8199374
.5958769 .0793511
.8208311 .2152313
.4382119 .9009019
.8942229 .8601829
.3276057 .1660823
.0249409 .6395883
.4090473 .0005673
.8188291 .6495889
.8671739 .9531977
.6027262 .9625757
.6296336 .7942239
.9634312 .7233606
.0625486 .5495121
.3257203 .1912298
.0854202 .7351289
.5659471 .9692821
.3612237 .1407056
.8225676 .8241466
.9680695 .6808400
.3304746 .4340723
.1105529 .6235383
.6199554 .7872414
.0481949 .6828806
.8185672 .8982828
.7590884 .7367265
.7978974 .5701195
.3604203 .9439043
.9272128 .0887592
.6028443 .3709762
.3300509 .4262170
.6591332 .4158696
.5730236 .6047121
.9430635 .7914510
.1211487 .6444022
.0134637 .0010178
.8310508 .7154825
.1197208 .4317300
.0700411 .9192598
.1951746 .6807251
.2805424 .1451111
.8576515 .7190968
.1782420 .7418099
.1733062 .1355856
.1888699 .7908567
.7098518 .0667784
.7902851 .5019470
.0645737 .5333596
.4187563 .0298372
.1051539 .7195355
.4935985 .6384137
.2986739 .1497051
.5728431 .8500008
.6051324 .5647873
.0220155 .6916561
.5428118 .3498900
.8935406 .4986636
.4477583 .3222340
.6984429 .5094389
.0899152 .1979644
.8150116 .6738818
.3029709 .7007234
.5186158 .1246285
.9501605 .5731550
.8180470 .4909602
.3879942 .1618856
.9192739 .9690864
.7955922 .1615221
.3674943 .5384257
.6878822 .8558463
.5905010 .1071426
.1927692 .0542030
.2158096 .2948295
.9994323 .0951052
.3833743 .0666531
.2185344 .9218467
.2352087 .0097717
.8642625 .4084511
.4304775 .6151753
.5891536 .8481254
.1947981 .8595717
.1795045 .7675644
.0382381 .4733265
.8432306 .8934888
.5279755 .7700429
.3722216 .0047393
.7264551 .4769231
.9039598 .3236114
.1392929 .7558558
.4963162 .7409408
.9817883 .0940273
.5064336 .1752607
.6788834 .9580111
.4583461 .3191902
.8583895 .4725607
.5108788 .4455974
.4664584 .7679703
.8013293 .2890565
.5002601 .3386767
.0328528 .6792004
.3757886 .5090271
.0732690 .9138105
.9763259 .0856103
.6065854 .0903883
.4944876 .1025292
.7797884 .9725815
.5106265 .2872622
.2578095 .5966933
.2528241 .9785961
.2679222 .8056354
.2564236 .6402973
.3975791 .2526232
.9691944 .1980077
.6107663 .1016766
.2044383 .9830769
.8587307 .5611268
.3887934 .3339681
.6603441 .3518563
.6318321 .5592676
.1817991 .0034632
.7959282 .1194837
.9087041 .1959501
.6899564 .0885082
.4173550 .8664533
.6593248 .1981230
.6449200 .0619511
.2952969 .4760410
.2468901 .0593738
.5236855 .5229587
.1183199 .5511044
.4294495 .1377499
.1345269 .1010371
.9896593 .0305221
.0159285 .9461908
.2703684 .9365760
.5069937 .8208786
.1282945 .1736339
.5347618 .0216475
.2685330 .6208134
.6194537 .5561580
.5549498 .7290024
.6772698 .0098986
.3480893 .4243208
.7999401 .7406582
.6415456 .0025166
.1208801 .1290430
.8544236 .1332124
.1753008 .7685500
.9749430 .1371885
.1102504 .5028359
.6860358 .4431261
.7667149 .8803706
.1731456 .6857318
.2934939 .6046752
.2399854 .8256968
.0029990 .5563461
.5499235 .9417974
.2713000 .5330896
.3665868 .3923934
.2350765 .5155664
.8723683 .7309132
.8505261 .4770035
.4704417 .3884103
.7451408 .9078082
.5847903 .4442106
.5914944 .6548373
.2112970 .9688354
.0291991 .6480753
.3762778 .0550501
.2108835 .8122813
.9496280 .8038466
.7918386 .0822142
.8481450 .6906885
.7497604 .0393638
.1482487 .8292223
.1272156 .2852382
.2913986 .0381638
.1389552 .2182142
.3826608 .1029799
.7704213 .2822784
.2132633 .4456027
.8916370 .8387046
.4292563 .2484898
.0885366 .3453596
.2557084 .0371893
.1256054 .2199327
.0918974 .3589435
.6408438 .2574802
.5278276 .4920614
.9654688 .3512919
.9938006 .5075828
.6728188 .0487566
.1278281 .3444372
.5975360 .6176546
.5030624 .1526332
.8186841 .1976760
.7592929 .7443009
.8479057 .5989767
.2765653 .7454111
.5724598 .6537775
.8502838 .5750105
.1268922 .9354114
.5984138 .7446088
.7476038 .2763695
.4627637 .6562216
.9305842 .9248036
.7554526 .0092911
.1804927 .3971667
.5337163 .4675514
.8129880 .0702147
.1338269 .1876692
.3431457 .2030148
.6182552 .4104397
.8398650 .2209122
.5369527 .2382486
.3157561 .4981507
.3089130 .0826933
.0080257 .2510365
.4166674 .6144777
.7297452 .1437280
.8842141 .3722330
.9615036 .3959405
.2757411 .9135587
.8272150 .0856188
.4935363 .3835931
.5586844 .4169792
.4413323 .9346091
.6928288 .3697821
.3141745 .2927534
.4421255 .6913052
.7253800 .1108962
.9993063 .9077753
.6204258 .1829179
.7354530 .1240104
.1793301 .1753977
.2678761 .9932594
.5834231 .7458819
.3393850 .4557340
.2169977 .6884725
.6801852 .6836371
.8743459 .4406629
.0215814 .0896365
.8207784 .7009573
.8883192 .1492383
.7725498 .2831022
.5926792 .9874251
.3628218 .3455345
.0547471 .9557523
.4840568 .8971731
.9335275 .4848912
.7641918 .5437515
.5141555 .9838870
.7547577 .7907656
.4862945 .0532081
.2814411 .2855987
.9842996 .3035137
.6165831 .0257460
.0447716 .0830132
.1514358 .0830870
.1631478 .8078417
.2338074 .5341241
.2768595 .6940826
.6416706 .2187977
.8347598 .7764441
.3205532 .2891888
.3848758 .3741886
.7447222 .3049058
.2664878 .7742415
.4794725 .3725064
.6569792 .9265078
.8218953 .4377124
.7152525 .4068265
.0654875 .6847064
.3856629 .7557328
.9425199 .8772513
.2707972 .4407983
.8073778 .6300107
.7269262 .9488200
.4817675 .7010657
.0489831 .6610552
.4239082 .5614936
.5463882 .9070863
.7312572 .2757838
.9083419 .5752731
.8500993 .1060907
.1462639 .4621514
.8431323 .6596524
.3982615 .6890830
.4431460 .6954079
.9897820 .4590005
.3696899 .1937185
.5573338 .5637369
.6663977 .7104090
.1372753 .7152263
.9770572 .5588808
.4655512 .2313383
.2537199 .6050973
.0808350 .0662880
.6028103 .4705640
.1141957 .7809888
.7354619 .2063326
.0120743 .8824089
.3938398 .9523003
.1924183 .0424889
.4611635 .0939584
.2802034 .9935119
.2021728 .7740331
.7996643 .2825084
.8830376 .5474472
.8952738 .3843781
.2328687 .1604902
.8782569 .6914256
.8681742 .0022989
.4041081 .3229897
.6295094 .2695034
.3206055 .1773148
.1863154 .2914627
.3140843 .7608046
.3492140 .2096853
.2406638 .5968419
.0739591 .1540809
.4626030 .8944872
.6205125 .5114014
.8094179 .0411109
.9044536 .5758869
.3277204 .7044046
.5938200 .9845124
.3393397 .1577846
.4976535 .4826188
.2480871 .0859759
.4856579 .7908855
.9628999 .7290836
.4816111 .1398422
.8679881 .8657454
.5841774 .3292134
.2853894 .8385497
.3726867 .3196077
.8459365 .5448307
.9249439 .1742025
.8024530 .9477395
.6693646 .8763988
.9629294 .0381784
.2623487 .8317295
.6578988 .0672992
.2589699 .8318566
.2391300 .9788415
.1534217 .4660935
.4774998 .9451467
.8153861 .3998017
.5153979 .3322734
.5372218 .0250221
.5496617 .8077739
.6197812 .5901014
.1787437 .1164147
.1343917 .3326235
.5339887 .6789612
.3652545 .1119642
.3084416 .9491306
.3078675 .7400045
.1639315 .6634761
.0102236 .2542737
.4921902 .9453385
.7171405 .8178090
.0698622 .8216113
.6242779 .2526049
.9093666 .1619440
.1648755 .3444601
.8840741 .3736987
.4241293 .3595991
.0010767 .3394887
.4760945 .4884210
.1993623 .9620145
.8261995 .4174016
.1443587 .1151917
.0665438 .6023225
.7379958 .5607751
.3462867 .1879009
.2205571 .1828477
.0482642 .4413349
.2480498 .3632033
.5556642 .0285379
.8155349 .0508287
.2867965 .8876912
.1792216 .5879241
.0568652 .7084835
.0120537 .1002139
.7658541 .4078061
.1004105 .6352341
.5713198 .2420178
.3323035 .5708563
.9317056 .4879586
.1064988 .3870660
.7349110 .5729712
.3612226 .9039751
.3809146 .1890434
.1219252 .6827540
.0764273 .7761223
.9289039 .5456432
.3214904 .7304242
.0438016 .1159846
.9077917 .1484771
.4530382 .8663218
.6789091 .6574558
.0774768 .2866011
.4838572 .1453843
.1400047 .2773742
.5348716 .6667692
.4026099 .5042091
.7934618 .5734769
.2158722 .9262740
.7780720 .5579498
.4679705 .6788128
.7223441 .7844551
.2062324 .5280002
.4126528 .0497675
.7483397 .7469928
.0824262 .8207630
.5064418 .9408988
.9114340 .3436483
.7070426 .4704175
.1308772 .5462391
.0815071 .0210657
.3174063 .3366091
.9927984 .8067614
.7062761 .7518530
.1075014 .0900913
.4883864 .2804104
.5597311 .2913844
.9881003 .0586715
.7140598 .0267875
.9461372 .4532083
.4345401 .9814080
.1396713 .1472296
.7101540 .5442955
.2326636 .0545237
.2649849 .5021062
.7235959 .4245124
.2730063 .6397615
.4928005 .0538741
.5689971 .5988079
.7826461 .6967841
.0526566 .5045396
.1936144 .1179459
.7638857 .3357909
.8579303 .7485345
.9923530 .3586705
.4575478 .0107171
.5902612 .6969296
.9701109 .9348410
.3875948 .7241605
.4276416 .0054701
.4554576 .8311356
.7183322 .9764782
.3043089 .5773690
.3995764 .8671671
.5063902 .5489170
.1554276 .1041373
.4493014 .6215933
.1466804 .8581894
.9019401 .9146595
.9768820 .5301486
.9337794 .5967207
.9304575 .9899774
.7901160 .8925159
.8149310 .9331319
.0933943 .0935996
.1305948 .3876342
.9053983 .9920696
.0580852 .2230311
.6259171 .7665620
.2448179 .1540906
.4868263 .7232225
.6202734 .3110200
.7803082 .1383108
.2003634 .5149598
.3775468 .4080345
.4627061 .9407985
.1786038 .3671682
.4852501 .2947402
.7016983 .5105271
.4254657 .8448278
.0746960 .3974603
.5489322 .9195568
.4246605 .1337421
.0547361 .5710870
.4517392 .8395964
.2383260 .1611638
.3878566 .6966287
.6154916 .2829622
.3325738 .7271810
.7266082 .7314603
.0694493 .0416145
.3583712 .6669131
.0252114 .9742800
.4585888 .6063032
.3574324 .3369947
.3633681 .7895902
.7480855 .9067409
.0778688 .6019338
.0317701 .1265572
.9118754 .3281099
.1774241 .6672508
.1173990 .2468643
.4373977 .7421422
.3425292 .0542242
.9317610 .5945949
.4264624 .3866011
.9900515 .0331152
.7252028 .7851543
.8562549 .8533625
.8735084 .2281155
.6920496 .9800143
.4414061 .2208865
.1921443 .6411244
.8056749 .6755020
.7453072 .2479138
.8882551 .1697632
.3143213 .2258915
.0622378 .8277951
.6340204 .0983275
.0270802 .6212295
.6926648 .8674424
.0306373 .4044479
.7096117 .3167562
.3766486 .9566310
.0804271 .3518897
.3001333 .6335072
.3456880 .9262646
.3048832 .2959854
.6556286 .4196378
.9095497 .7820497
.1409135 .4457554
.1018659 .5606859
.9390663 .7926635
.0019759 .0279769
.4328618 .3148883
.3208193 .2891219
.7852034 .8078339
.8906952 .7667955
.5460624 .8458736
.2526678 .5742377
.5898584 .8387561
.1070202 .7165436
.7326186 .6756507
.1536848 .6990768
.0812728 .7394366
.9421210 .3285522
.6739235 .1802449
.9746392 .1283941
.6587900 .4688054
.3113353 .0312645
.6971642 .6763734
.8437601 .4714486
.2160347 .8559470
.4608600 .7288654
.5204545 .4736570
.4347457 .8631188
.7331390 .1416548
.1031260 .7460050
.3755956 .9540729
.6049486 .9175169
.6452184 .4827135
.0085684 .0544332
.7676214 .8435646
.3177743 .9903076
.0919540 .0310902
.8979060 .1368897
.9154379 .7040078
.8672385 .9429677
.6257971 .5009982
.6704545 .2381294
.0780263 .4120123
.8015337 .9342570
.8039668 .3125798
.5704006 .0224909
.5058323 .0043201
.6963610 .9711987
.3120676 .4517329
.8343731 .8019498
.6671234 .7578405
.0576905 .0339006
.8648104 .1113903
.6800520 .5181273
.6842492 .7356488
.1375214 .5455804
.1019762 .9803396
.1869616 .5562579
.5748983 .2685487
.3251137 .7911875
.0454195 .7214548
.6870043 .2386497
.9286013 .9550881
.0300774 .5950464
.4055620 .7319901
.7236914 .4897038
.0588842 .7511928
.6026047 .1499788
.1234869 .7043685
.4554409 .6840878
.4566333 .5838670
.8400396 .3473893
.0073957 .8066805
.5697109 .0841929
.5303922 .6616906
.0078874 .2898366
.1698521 .4778855
.3411510 .5425332
.1544604 .2681238
.0572688 .8746364
.1948865 .8834950
.4083540 .2892773
.4558286 .3119101
.8497326 .4190803
.5616965 .0032931
.1601997 .6446341
.5561332 .2721524
.7042466 .2548806
.8243337 .1234341
.3141900 .3903466
.6449754 .4139159
.4600918 .0514858
.3944197 .1810377
.3355760 .3040760
.7961029 .2634932
.5032921 .3349415
.4965975 .9601820
.7874896 .0049931
.3481089 .3207496
.8331168 .2510021
.9640731 .5639781
.5186949 .7784236
.4564616 .8492456
.2491018 .0782316
.0142638 .8881892
.7869814 .4419242
.5838305 .3231174
.1179381 .3288606
.9922245 .9976403
.9826282 .5846998
.2308334 .7229752
.9334862 .4822019
.2921775 .3574437
.5577747 .6568008
.1194863 .3613617
.0120785 .4774517
.2651304 .7968493
.0839377 .4040749
.3267902 .2815933
.1691790 .0497437
.8932215 .8843071
.0513237 .0393725
.5260491 .5120904
.1023766 .8253444
.3590885 .0681132
.0899885 .3100433
.5286685 .5715800
.4595932 .7989195
.3612129 .4877902
.7343068 .2662878
.7293380 .6088398
.2002947 .3978231
.1238479 .7871340
.6686144 .0544604
.8426616 .4239301
.8613998 .7953997
.5227952 .5606428
.5832982 .4539529
.4794517 .3561452
.7184865 .4673172
.5959509 .2408203
.3370124 .1458166
.6460620 .6371929
.5868037 .1919788
.9301982 .2846332
.0621041 .8458142
.1602889 .2963953
.1355002 .7780982
.0138804 .4431770
.1667413 .4541225
.2625286 .0679840
.0923918 .7595468
.6167428 .6993919
.8786408 .2684397
.3610318 .9888442
.5954903 .1296195
.6068906 .1344471
.0416976 .0767803
.8852558 .4883424
.2014282 .8938913
.3369647 .5341953
.3182288 .5907743
.6314682 .7601572
.6898152 .8028734
.8293928 .9728805
.7659457 .1998164
.7699162 .0693079
.8064722 .0827037
.4632323 .9120627
.9501778 .4209436
.8430253 .3858642
.4673936 .3141414
.7127738 .5285042
.3182768 .6888505
.6192553 .3500945
.6991929 .8171662
.7107339 .0355443
.5045370 .2749821
.5773919 .0620969
.7206969 .9805111
.0065204 .6882701
.5503705 .1441764
.0812104 .5522350
.0742564 .9324935
.8627086 .9635722
.7158879 .4518596
.9646044 .0269838
.5942497 .7815364
.7805260 .0819546
.6254358 .1543281
.2824303 .0980704
.2541603 .3618050
.6677967 .5887520
.9310519 .8491820
.3924690 .1910783
.5625170 .0014153
.1604536 .1381848
.4942048 .4825083
.3190708 .1929607
.1818907 .2877014
.0813842 .9244680
.2775890 .9539404
.5091979 .1361955
.8240493 .1360599
.8680301 .3799671
.7051557 .9202530
.6267401 .3305907
.2282756 .6759220
.0228166 .8111786
.1899633 .2426845
.9411335 .8420321
.1587638 .5494339
.2381481 .5690926
.8458389 .5427065
.1514693 .5807478
.8609116 .1754571
.8203561 .1512754
.0902489 .2254945
.1474346 .4999436
.2952349 .3635335
.3846483 .3087941
.9121814 .0998841
.2435844 .5189437
.7215371 .3694895
.5157589 .7818822
.0202516 .3681271
.8336014 .7732561
.8348693 .0663846
.1866596 .7140308
.9026451 .2782953
.1963525 .6572584
.6587284 .3615426
.2003461 .0949685
.0219225 .1267098
.3457129 .8634855
.7798410 .3224338
.7673699 .7587744
.9341136 .5673035
.3512791 .2357789
.2627924 .6812074
.5544439 .5141522
.0629366 .3293599
.4672524 .7418397
.7116613 .4697062
.1371041 .9096719
.1763824 .4645969
.6919303 .2340092
.4497321 .4938248
.7620678 .9375671
.3043131 .1391014
.0403956 .9053799
.6672582 .1881060
.6725837 .6554612
.9021273 .7551461
.8481561 .4616256
.6411592 .0984987
.9727261 .2561693
.5069517 .8324564
.8336369 .0172139
.7594406 .8232351
.1042425 .5415131
.9492270 .5980225
.4325885 .5879530
.0870287 .6988130
.4822175 .0568587
.3739591 .6280850
.0776286 .7900988
.5886229 .8501032
.6834752 .3188752
.8923139 .1554538
.6312900 .9695366
.8780713 .4306297
.8042976 .6197892
.6256428 .7998493
.0911075 .4728259
.4926832 .9611067
.2016908 .8171928
.2204279 .4984898
.9704276 .1351846
.1947974 .6313416
.8050901 .3192444
.6040450 .3086755
.4187854 .2987646
.6818323 .2626497
.5330494 .1508822
.8176495 .5236554
.1808476 .7878565
.3399492 .3349549
.0721167 .5374517
.2038926 .1875911
.9030762 .2559390
.3053672 .0647819
.3727547 .8679302
.0435863 .6149648
.0824250 .1827720
.1012742 .9773775
.6898210 .2007115
.9268386 .9143096
.1115368 .5380128
.4971839 .7482303
.8427783 .6506963
.7105874 .7856711
.4100642 .7411156
.9914965 .2962870
.5934621 .0472154
.8558692 .0057400
.5418959 .0355575
.4469255 .1931979
.6368904 .1780913
.2545620 .0341288
.5032240 .7587123
.9123603 .4099533
.6732519 .7359295
.3467521 .0687945
.0265449 .2269788
.5436400 .2543043
.3768729 .7585079
.3962761 .6481414
.7808440 .0690481
.7896204 .0593925
.8006113 .9059163
.2334005 .5418704
.7583677 .8284763
.6388224 .7660453
.8517884 .3428788
.5900028 .1921706
.9235460 .5200126
.7258553 .9982243
.9484217 .2954721
.3440286 .3613809
.3597824 .5624109
.4757173 .5631438
.8121811 .5272362
.5564016 .9117823
.6849855 .1237358
.2179776 .5146112
.5771441 .0304525
.1249729 .7877091
.4168721 .4034560
.3317558 .0001690
.9910845 .1541481
.1965002 .2897032
.2542292 .7388966
.9863160 .0696513
.4586835 .1911638
.1690541 .6249616
.9004771 .6619068
.9210020 .4547980
.0237101 .1224075
.1836558 .4878644
.0910324 .1448767
.9621454 .0366020
.1098717 .7671929
.4453557 .0688955
.8961265 .2635223
.6034847 .2990947
.9376940 .0143473
.5303694 .4098058
.1558917 .3671351
.9805391 .5253084
.0074450 .1095516
.0272932 .4173943
.0646813 .5852765
.9482888 .8231819
.8857737 .1501581
.4268287 .1178175
.4567488 .1131785
.7254175 .2762123
.7563903 .9895115
.1158497 .8778677
.2555665 .2063913
.6972811 .5956803
.7927724 .6785827
.6480548 .3391912
.8342190 .1785022
.4736704 .6083154
.3835355 .3735017
.1548516 .7059500
.6944657 .9340294
.1763461 .7452904
.5887647 .3133621
.8265268 .7959600
.9072203 .6818771
.1852250 .4054736
.9282595 .0234470
