250
.4437825 .2546041
.0138139 .3811226
.9647034 .5769885
.7351671 .9243663
.6774201 .3403099
.2098577 .4815254
.4216572 .7561384
.7261148 .3360759
.0823243 .8620677
.5753427 .9261795
.1883943 .6434955
.2765764 .6326910
.7567447 .8360133
.0473069 .7042822
.1611544 .5803194
.3822061 .0490359
.4074940 .9043774
.4871607 .2424252
.6024122 .2319845
.4702133 .8019832
.5871634 .5637675
.3049167 .4537312
.3307934 .8841728
.5341379 .5965858
.0853657 .3920345
.5399049 .2280500
.5354149 .4460873
.2213885 .9345353
.9470258 .2111016
.5399421 .8171934
.0489992 .8734525
.2362141 .0011913
.1571489 .3926663
.9160784 .1824690
.6680204 .9311042
.6434363 .9582090
.9729008 .6582130
.3602015 .8600559
.2370447 .2969979
.2559256 .3945713
.2002413 .7443106
.1979356 .2630445
.7183348 .9664987
.2614615 .4896155
.4037590 .1986970
.2094273 .5772456
.3466930 .7478469
.5922720 .1174246
.1047600 .3421843
.2857674 .5211541
.2234271 .3467225
.2632052 .6727339
.4640716 .0759508
.8989548 .2287349
.3322238 .1198666
.0021404 .8242854
.7624263 .7333158
.1484624 .3769788
.9636270 .0347456
.9689049 .7023456
.1826995 .5696259
.3076241 .4184572
.9137202 .7042768
.2066155 .2028791
.9646788 .7534116
.3282173 .3923882
.5765192 .5726666
.6920238 .1416571
.9444496 .8665042
.6717689 .2760041
.1784902 .4104405
.4490967 .9173563
.8068903 .9403357
.1212742 .2012950
.9075102 .2337781
.1627239 .1434879
.0711709 .9501733
.8871692 .1004818
.5674975 .5952975
.0770964 .3847777
.8955630 .4585744
.3565570 .4568557
.6438425 .9004617
.6859590 .6843969
.2292673 .7438755
.2448418 .8259000
.2936778 .9858156
.8195955 .9942273
.6553774 .2690633
.6940840 .6548926
.7789313 .6522887
.2060607 .9211248
.4605014 .7409055
.0225429 .6674698
.2390140 .1788338
.4318301 .3779260
.0329696 .2787496
.3650307 .6929105
.4538976 .0487005
.4496949 .7787243
.6329643 .3569320
.3538597 .3081841
.3772468 .2026741
.3793850 .3437232
.8943120 .2042667
.2753174 .0240847
.7231745 .0906442
.3190608 .8797557
.1090859 .2386185
.7967638 .9850565
.7690952 .6248944
.2334685 .0783400
.4125726 .8840942
.3945984 .2655950
.7910603 .8455385
.7072110 .9239221
.4275620 .7629169
.0235035 .8343933
.1768609 .6905605
.4492447 .2307396
.7433282 .7735803
.3525251 .1206791
.2660942 .7199440
.9073640 .6275183
.7960719 .9614113
.0537081 .8554739
.3452934 .9754101
.1990967 .4849992
.2840054 .3571996
.1641612 .4737837
.9801284 .3643144
.7880866 .3320697
.1916622 .1040847
.4525808 .8520143
.9955893 .0382834
.9326963 .2320592
.8144258 .2124226
.0064215 .5181841
.9189737 .1942023
.9062207 .3915356
.8656716 .1768844
.9160540 .7107884
.5794017 .5571984
.3357562 .9497245
.8153291 .4595715
.9674124 .7754515
.8114916 .5122950
.7294288 .4474517
.0500715 .4874622
.6647827 .3767835
.8397340 .4334413
.3593380 .9002920
.2617503 .3320375
.6905473 .8661396
.9240085 .2156558
.1402334 .7013874
.6620979 .6334625
.0688508 .8842627
.2255939 .3480519
.9915921 .7551810
.1881250 .6012340
.8353125 .8910676
.6069281 .0725451
.3934265 .2940922
.8040496 .0677343
.9250654 .8031117
.2072819 .2550743
.4438045 .7559403
.3219983 .5906617
.2765582 .2825735
.1404149 .5531966
.6987223 .9007070
.8551265 .4948429
.8087135 .4598432
.5391895 .2959523
.4226252 .0210063
.0832124 .5134594
.9641904 .9851135
.4260255 .1989232
.6005294 .6514142
.9521845 .3332544
.9216574 .2926343
.5169822 .6194404
.1603525 .6075898
.2454475 .8678166
.3651375 .8245821
.0711628 .5139292
.3267172 .4869030
.6562817 .4775693
.8586420 .6997727
.2760425 .5914092
.8751500 .9380629
.5569914 .6246224
.4094683 .9257273
.4132261 .3642009
.2782513 .0580235
.6018902 .5951804
.7136911 .7408855
.1780478 .8789169
.3330698 .2002245
.6176123 .9417252
.8625343 .0370370
.0303348 .8678537
.8315731 .2790058
.9256486 .1917291
.9484655 .0503270
.3325571 .8929243
.1837570 .3308164
.3084106 .1391798
.0450130 .6224714
.2854983 .7613086
.6255988 .6436181
.2715317 .6797354
.4444597 .3220986
.3004835 .0740268
.7417112 .1916675
.0715237 .6698543
.8227265 .5794154
.4511092 .2256734
.5052119 .4136395
.1693094 .6847774
.1609116 .7256779
.0263263 .5055796
.8849799 .5478387
.3365600 .8197749
.7881108 .4422269
.9606326 .1577052
.2931255 .7890223
.5831736 .8235936
.8202992 .6121305
.0460373 .3385899
.7431578 .4571461
.3906351 .8725810
.5552094 .9307565
.3343686 .8697269
.5619884 .1691184
.4274046 .1884851
.0433011 .8698801
.0173975 .5127520
.8465684 .6804352
.9888886 .4724671
.0900688 .7032116
.3261619 .2028738
.5786102 .6143458
.8459543 .7723907
.3550947 .2895118
.6197780 .2579996
.4085020 .7219825
.0023521 .9199855
.9984080 .1727426
