100
.0005692 .4132886
.2064789 .3399950
.0262714 .6234527
.5897622 .3449702
.2171451 .7379533
.4337541 .3954019
.7988727 .1613790
.5858302 .2984801
.6096491 .7587017
.5030885 .4113259
.8147656 .4362505
.1300818 .4298589
.6440195 .8826771
.1362179 .2235273
.9839951 .1066363
.3746940 .6954703
.1609321 .9670653
.4283854 .1613038
.7699363 .5524237
.9034120 .5753724
.0403360 .4528291
.5345638 .6105091
.7602029 .5469835
.1822852 .5731279
.6881048 .1949034
.6199028 .8043743
.8171805 .4260285
.0111386 .9121071
.6732967 .0160734
.7280885 .1672039
.5605033 .8682771
.4126703 .8881203
.5359197 .9062874
.8814561 .7743025
.8126995 .2350649
.7437214 .0139997
.8515065 .5586892
.7618569 .6047671
.8931380 .1230800
.5359184 .6425347
.0802077 .5781858
.7314331 .2520618
.2743145 .3664279
.6705496 .1799392
.5445219 .2178966
.7376138 .6205741
.1184197 .1812621
.9651873 .3028192
.0711818 .8933618
.8067973 .8746312
.5910428 .4782512
.0972285 .7673815
.3991285 .9939200
.3663472 .5197378
.6027653 .5751803
.0121802 .4504139
.3969066 .6551947
.5446789 .9840767
.7583081 .6240184
.5621732 .1873408
.4492217 .1761618
.8843762 .4315964
.7968026 .0238148
.0928445 .7734462
.0638093 .6588006
.5634286 .7762893
.6856603 .9228166
.0443831 .1701324
.8161661 .2178631
.2548395 .9805468
.7844228 .6202340
.3551919 .5088659
.1911064 .7528265
.1650097 .7087577
.1238809 .2601075
.5542745 .9112437
.6965081 .7936256
.5764590 .2705991
.8496562 .6667659
.9011109 .4443941
.8160212 .3262935
.3806022 .5267482
.2583472 .5033921
.7794433 .7067056
.9339177 .7741695
.6214546 .0430265
.6082450 .1422485
.7740493 .5896623
.3066678 .4548640
.9812964 .2672682
.0155326 .7171412
.4572354 .6873419
.4722333 .8527034
.4244836 .8664860
.2507880 .7857361
.8844409 .6259156
.1794759 .9409068
.8757473 .6001883
.1295149 .8613704
.1459983 .2612704
