50
.7468254 .8275832
.2053239 .8026343
.6884189 .4727685
.4933198 .5589968
.1550754 .6042392
.3113210 .4280687
.3434992 .1782728
.7240735 .1947402
.5254518 .5544385
.5448336 .0898717
.9563148 .6910911
.4125291 .8651173
.4824612 .0595766
.5337132 .2988322
.8743465 .6628812
.6437254 .9965280
.7266999 .0286654
.7882452 .9813721
.4534903 .7219943
.8766553 .3953804
.6236192 .5278843
.9912432 .9822450
.4812063 .1638279
.7176540 .1677147
.5070475 .8109997
.0460824 .7001279
.5279843 .9506752
.6208547 .1066203
.0786926 .4477955
.4172170 .7417252
.0634332 .4623578
.6147089 .9740803
.5387589 .9546890
.0203840 .0307867
.6147001 .0834551
.5637287 .0921621
.7117152 .9137384
.0173517 .2342228
.0613386 .2324780
.2597610 .5217508
.4351584 .0232809
.3427281 .6682798
.3521468 .8328651
.7972634 .8453062
.8586245 .8554664
.6379992 .0235212
.4959049 .4952088
.2222024 .1834031
.0531016 .3029910
.4906253 .2981408
