60
.6991434 .4612258
.3167974 .9084423
.6389080 .2500923
.2907935 .1716916
.5259402 .0377137
.5955667 .6287282
.0603201 .6829707
.8315645 .8325606
.8497615 .2098600
.9491883 .6626877
.3895602 .2520288
.3412797 .1036999
.5346824 .1874871
.8130663 .8694167
.8000947 .4891700
.2434863 .8443464
.2973734 .5378002
.0400411 .0090315
.2054949 .3484148
.3583505 .8529570
.3541373 .1517368
.1988439 .1526754
.4289981 .7845953
.7853884 .2356756
.8381833 .0555807
.1405607 .2318279
.4418280 .7763739
.7536081 .0409937
.8664098 .5364682
.1313227 .4621439
.4108757 .5376048
.4579832 .7180995
.7013767 .3199459
.3845987 .9903347
.0502490 .8680888
.1238361 .0071919
.3955490 .6822707
.7366175 .6008824
.9001005 .6768018
.1383629 .7958172
.6213063 .3996731
.4936091 .6826617
.6600572 .6677096
.0611913 .2760665
.0816134 .3313372
.1397059 .8938217
.5834737 .0103123
.6735163 .4132554
.9626561 .2023814
.6295036 .0765660
.1926441 .5240936
.9480153 .2874859
.3311529 .7976559
.3994372 .9617458
.2040085 .4880799
.9194032 .2952742
.1954584 .2967018
.0172829 .0664663
.5562989 .6437489
.9081395 .4992074
