40
.7707515 .9012778
.9273567 .0411366
.5358105 .4413559
.1169852 .7245879
.9365325 .9500751
.7386647 .2503243
.5118329 .4229732
.0982024 .2578043
.6455159 .9630810
.4191324 .7357914
.8419639 .3100508
.7991379 .7009635
.0434198 .2315586
.7429357 .8643221
.2850757 .2999945
.4702188 .6156161
.5650069 .9129845
.7857683 .3600501
.3563010 .3687553
.0072376 .6582504
.5561766 .5525469
.8407778 .0193404
.3866270 .9414762
.9295297 .7850677
.0558214 .2432438
.0164510 .4647531
.7692917 .5371276
.3898944 .2184336
.5424997 .2096146
.8341981 .9584736
.4968645 .6350549
.1922097 .7051576
.8923859 .2446707
.5535410 .2838779
.7217980 .5933941
.8903491 .0225336
.6113633 .9491213
.7379664 .5671798
.0771462 .9063437
.5146670 .9888552
