250
.8379331 .0380461
.5921812 .6176687
.0528200 .0690117
.4848669 .2969836
.8701613 .8609515
.4123854 .1093987
.4000475 .1350862
.6924397 .2471237
.1489080 .1889409
.6383607 .2952679
.5300848 .0823598
.3804131 .4146213
.9022970 .1806239
.1757580 .5224092
.8621879 .0217673
.3587157 .8509051
.0064188 .6615390
.0311096 .1057752
.3804980 .9801041
.3596987 .8092710
.2558669 .3977858
.0629298 .3798865
.3213573 .9687122
.6488732 .0894104
.1251523 .2644225
.7141427 .2074470
.6314729 .6250922
.8212591 .2869859
.7225358 .4823320
.0181960 .4945092
.7285437 .2202877
.0151570 .9139553
.6417212 .5542968
.6438743 .5626530
.2873741 .2194196
.9353118 .0936199
.7957612 .8630484
.5914834 .4044236
.3409010 .8522793
.6125909 .1476614
.0714316 .1010934
.3757335 .8990541
.9269721 .2954232
.7374574 .8807057
.7712381 .7841454
.1283029 .9912816
.8281139 .0867366
.6896759 .7312409
.3141237 .0570270
.0257237 .6368443
.6429384 .2879740
.0468422 .1959901
.5448537 .8329331
.7958841 .9940309
.4942419 .6803061
.3894873 .0481274
.2559591 .0139830
.7791005 .8914327
.1202560 .9224426
.6306597 .8580033
.1550267 .1230147
.1173666 .0278321
.9119163 .1204245
.8830487 .1883268
.5140308 .1336106
.1180451 .6609398
.6504222 .6527151
.0368651 .5740358
.1163062 .6173724
.6859226 .7174777
.2657661 .3637493
.7568551 .0103640
.8706701 .5344949
.9402051 .3078826
.8783166 .3836308
.5169763 .1608988
.5911058 .0757205
.7306864 .5546883
.7019474 .8511994
.5764224 .8607011
.9443265 .9207852
.7399811 .4444255
.0786098 .7122208
.4608399 .7278431
.4464471 .1105016
.2063655 .0886600
.9806508 .5339837
.5477362 .8099998
.6438934 .4366523
.0244312 .3305691
.7585891 .9221191
.7652329 .1810100
.2425881 .8359000
.0784079 .0592401
.7284629 .6449891
.1984774 .2656062
.9533579 .7309521
.1356706 .8946546
.3842743 .9655225
.5581793 .4087923
.2004115 .5942478
.4756022 .0821032
.5874563 .9499066
.0008968 .8196301
.5936465 .2164680
.6516393 .4855572
.0267003 .6670757
.7008526 .5074766
.1944473 .2441985
.3819829 .4953054
.5578827 .2124678
.8582160 .1919951
.1085436 .5081094
.5371151 .4659439
.7252399 .3840531
.4889434 .4065451
.8184057 .4950434
.5399180 .9765900
.8313445 .6081674
.3764283 .1278355
.9215572 .0244395
.2168448 .7559709
.3648431 .3572165
.9753627 .2530102
.5700946 .7715454
.2362540 .5408202
.4113210 .8208483
.8433751 .1086121
.9106068 .7369091
.7426700 .4367955
.8640678 .9867203
.3361596 .9141569
.2025966 .0936653
.6433910 .5269135
.8179213 .5565217
.8369727 .7363256
.0474088 .0511693
.2265220 .5232772
.4707753 .2674409
.7015263 .9580694
.2885812 .4555560
.3871655 .1836540
.1737422 .2087992
.3844645 .6501991
.6484339 .8048402
.7111605 .0152436
.9623682 .6181050
.8737663 .4713143
.0446265 .1881986
.0134147 .4637552
.9677043 .4103112
.5945735 .8352073
.7843118 .3661096
.6505324 .3366954
.5474435 .3385920
.3540996 .0731592
.4624257 .7900573
.0250972 .6355508
.7937407 .2044864
.6844301 .1818263
.3945581 .8175362
.1716232 .2723262
.2657367 .9297845
.1001825 .4856971
.7937532 .7101254
.1618457 .3216874
.3612158 .5720679
.3231508 .1563786
.6544989 .2094331
.2896791 .5107313
.6832324 .5103432
.4362134 .0192561
.4360658 .5677401
.5938254 .5741937
.0739462 .0467405
.2139417 .4413489
.1412672 .8672073
.2486720 .9036816
.6793155 .5647806
.5375026 .3324658
.2656137 .2935390
.7017758 .5953019
.4747006 .1542440
.8366025 .4050467
.3457466 .7370275
.1588848 .5508363
.1228385 .2572081
.9113798 .8263577
.4649357 .6759348
.1151071 .7133961
.8520539 .4093485
.2723062 .2599875
.0773377 .7541987
.1034896 .8192703
.2339803 .5451328
.2963147 .0318738
.8916148 .7974822
.6799298 .2234624
.3064686 .6050657
.0325291 .7693721
.3084209 .2186158
.8859960 .4071914
.4287697 .3276769
.4011246 .3501578
.0351681 .8455128
.0288903 .7014164
.5724804 .1284712
.8140058 .3610346
.0053927 .1616727
.5904434 .5612214
.4431517 .8625970
.9061460 .5050050
.6089470 .7814119
.4246879 .4016824
.8938625 .0375136
.1015851 .5082370
.4931481 .6890014
.1262116 .5566170
.5334685 .6864766
.1482434 .0668456
.8239216 .3529134
.5491490 .3473993
.2486430 .6331847
.5408610 .2366852
.8998857 .2834164
.9293268 .5498047
.5502318 .2724681
.9115314 .4076355
.3912249 .9337872
.9097328 .7226287
.2208509 .2614263
.0024540 .6171387
.2291106 .0524386
.9921361 .9126062
.6820617 .6599574
.7456842 .4460312
.3003324 .6752943
.5353431 .1759402
.8158658 .0791478
.2598185 .1029934
.6057085 .9047747
.3932258 .1575269
.6666656 .2905287
.2337083 .5422217
.4197510 .4537840
.6333226 .6447485
.5162458 .5187306
.2024493 .5722081
.2429682 .6401269
.4994594 .5634848
