40
.5884970 .8288415
.0759604 .9925589
.0685313 .8427757
.8837477 .6074549
.1257302 .0066340
.4210328 .4625417
.4298494 .0651231
.4473278 .9976810
.3024455 .4136839
.2193801 .8997705
.7381714 .1182545
.1502632 .5926753
.3461311 .4500804
.7018101 .8403590
.2003182 .1267402
.1796247 .5929308
.9394968 .1854955
.6698737 .9884772
.5120721 .6888309
.9062653 .4662305
.8182057 .7004083
.2004900 .7683545
.9448026 .0358974
.7138206 .6654459
.1916997 .4880462
.4829592 .9292784
.8095675 .2871959
.1184854 .7273960
.1593594 .6630180
.5358022 .4974147
.3947592 .1338211
.2102045 .6813580
.9856461 .6171391
.2110182 .6065537
.3522714 .1177412
.7935746 .3715976
.1642799 .5324842
.9285095 .8531660
.7610690 .3788376
.3294094 .8490718
