500
.0653141 .7552985
.8317532 .2340122
.4046531 .2205592
.8746906 .4360328
.5899144 .5374472
.1078098 .9151549
.9015460 .1171197
.7864141 .8517524
.9319837 .3557329
.2384764 .9024750
.6707812 .4502423
.1639118 .3892037
.2168811 .4164277
.0860194 .7072237
.7330616 .3759528
.1133778 .8708107
.9619472 .5934066
.0817445 .2056894
.6015101 .4237965
.0438442 .4626719
.5633394 .5766414
.1517251 .4597429
.7693000 .6529403
.6105354 .0929696
.5291777 .9416422
.1405202 .4593988
.2186815 .5860951
.0196759 .1145999
.1663993 .4991003
.2342245 .2882472
.2701313 .3059029
.6667981 .2851432
.4951263 .0535158
.9193501 .3258919
.3442554 .8054621
.8032527 .6880777
.6057543 .3441259
.4241952 .0898122
.8379846 .2666989
.0232787 .6449170
.4903809 .4609807
.3745108 .1823457
.3205061 .3973196
.8366495 .9687365
.5715945 .4235436
.5554330 .5467732
.6332827 .2891151
.4395637 .0853341
.7180526 .8787267
.2068065 .8497645
.2324152 .4674152
.0191104 .5990509
.4776856 .0198008
.1891769 .2957285
.2405124 .8835247
.5242902 .8060588
.5757657 .8471515
.6428912 .5418901
.1791370 .5590043
.8092327 .4587067
.4164893 .7863850
.4228973 .6211993
.2318037 .4226878
.4019061 .7602912
.3931267 .4488177
.6269918 .8934567
.1414109 .5883629
.8742708 .1204075
.2531987 .9639143
.9454226 .0333242
.4748942 .9030696
.8874860 .6268096
.5815464 .8327719
.3449060 .9271675
.9917963 .0530051
.4584333 .4904959
.6555663 .6462777
.7602779 .0889611
.2323533 .8460517
.8414787 .8965145
.4932906 .2810994
.0021513 .8187663
.1946049 .4969806
.6420500 .7437641
.8563963 .3311989
.9991122 .8155728
.0989410 .8234096
.3762623 .6828495
.2866347 .5520907
.7781388 .3195802
.7424047 .2176281
.6634828 .6618289
.9455795 .9895987
.2470882 .0972702
.8239763 .0914343
.5863794 .8654744
.0939961 .2343941
.8782479 .6959080
.8759717 .1981571
.4756555 .4844464
.4885428 .8881318
.8021098 .3823891
.0655910 .8180706
.4743304 .1765648
.7899204 .8465299
.6056757 .0446289
.1345642 .2504370
.7090781 .3831409
.2679910 .3992721
.2897633 .0719756
.1237425 .3874483
.7437977 .8391144
.6557969 .4161405
.3749376 .8444073
.2833934 .3523643
.2132400 .6665235
.9458133 .0333212
.0558455 .9485537
.6988618 .2661806
.1321764 .3666134
.2381761 .2733520
.5888930 .6018682
.6651672 .1641860
.3482473 .8266748
.4420323 .9267173
.7583552 .0045519
.7230115 .9158057
.9542875 .1334795
.6975671 .7926227
.3011706 .4521183
.5225809 .7081528
.1985798 .5359673
.8276674 .0210163
.5808225 .0297629
.3104278 .2357455
.5291464 .3256152
.9445877 .8174517
.5858707 .5729880
.8386297 .1958771
.8808411 .7037025
.5283909 .1669225
.4888511 .3172111
.8743228 .0211568
.1616645 .8804682
.8603434 .5023253
.5364163 .2723682
.2416196 .9877717
.1173789 .7019366
.6358485 .3877435
.9517485 .8468036
.4568219 .9200506
.3511562 .0259674
.8979098 .3062731
.8154305 .6080194
.5217494 .6689428
.2476488 .8698717
.1235220 .5366427
.5511186 .3061397
.3189098 .3740536
.8985286 .0277116
.3617933 .8724123
.6775142 .3992249
.3061407 .2259138
.8491975 .4061860
.7640076 .5820671
.8982929 .3078530
.8372629 .0271871
.5840267 .7537851
.6622457 .5278516
.3867988 .4896659
.4391896 .3085538
.1401399 .7586778
.5445848 .7557229
.2824744 .1628618
.7548399 .0870391
.0874113 .6665753
.8413073 .1383322
.9511495 .1208914
.6151164 .5615860
.3350057 .6206003
.3779524 .7974750
.4714687 .5689033
.8321079 .1227033
.8224432 .8509667
.6674530 .0519808
.0948945 .2757594
.8095870 .0100517
.1258299 .6430599
.9050041 .5315464
.0868791 .5737255
.9457787 .7838610
.3575485 .6882879
.5957174 .8665471
.3919535 .8512236
.0572816 .4831039
.4603624 .9728540
.1865214 .0083895
.9756388 .1723119
.6819290 .9253809
.0945412 .7853843
.8901735 .7545047
.4812426 .5198410
.1222858 .0605063
.7892718 .7251234
.0806568 .4466082
.9997563 .8975157
.4703804 .6218106
.8772773 .7681938
.2056394 .0803870
.2862292 .1393745
.6081791 .5262122
.9542187 .5001947
.1030829 .2093027
.6661485 .7634758
.3072155 .5561367
.2021155 .5491990
.9254890 .0447347
.1605121 .5698674
.0546955 .8133986
.8886723 .0539860
.5666834 .0492132
.0184370 .9211916
.1123017 .2671867
.7020592 .6781312
.5524408 .0890298
.8813023 .7575624
.5678310 .4253300
.3033469 .2313532
.7976590 .8570378
.2125820 .3856315
.7687015 .7400487
.5764557 .3853017
.4492008 .7959912
.4126790 .9450420
.5302745 .8164281
.5281325 .2717497
.2249248 .1472992
.1982290 .1937484
.8908417 .8238842
.6381270 .9269348
.2258334 .0196057
.3604962 .8669644
.9390343 .7179206
.6823940 .5965767
.1396743 .5161345
.9276440 .3527798
.3683175 .9615075
.6498063 .8418780
.0707358 .9792712
.0408143 .7907704
.9171387 .3924457
.3455151 .1875972
.9219834 .3053853
.5141108 .9382050
.7322066 .7151084
.6217576 .7290640
.3220915 .0524262
.0837328 .2617353
.9462820 .8019866
.8995607 .6657891
.5313307 .7073598
.7616670 .7007359
.3907679 .5724926
.7424509 .1550993
.5766763 .0000398
.4944974 .4117422
.3672946 .6735110
.7159345 .1800139
.0579097 .5446452
.4880519 .5417163
.7813995 .5182138
.6141693 .3013556
.6328941 .3593392
.0937584 .6911508
.6953087 .4466905
.3579046 .2148739
.1316057 .9593435
.0627431 .2163038
.4857328 .8539741
.4654230 .9599374
.5649151 .7381474
.2588540 .8831366
.2964978 .0880752
.9708739 .4271344
.9855144 .2461055
.5819559 .6238104
.3547348 .7526673
.0120444 .4879019
.2247933 .7452081
.8879938 .2598763
.9732619 .7560990
.0322695 .6200847
.9708766 .0633396
.1024803 .0445762
.6906958 .0304387
.6388406 .3291058
.4694365 .2908715
.5092189 .7399534
.0047365 .3012887
.6329261 .9652143
.3203039 .2569687
.3562309 .6827510
.5329777 .6211382
.5736765 .7130537
.4093065 .9925165
.4560102 .9063601
.1894977 .5860541
.4618388 .5805782
.9561698 .5311113
.3673850 .8743595
.0943954 .2375411
.7258659 .1401244
.9757208 .4190841
.0314247 .7444693
.4373399 .6084333
.6661596 .5752267
.1410428 .2000615
.3939833 .3200245
.3951094 .7037110
.8607429 .2625478
.1036346 .9090976
.5826297 .9593526
.4570014 .4141674
.7583140 .6690743
.7670345 .2559423
.6158685 .7017234
.1409025 .4428807
.7822909 .7705103
.8267749 .6965433
.4077144 .7318189
.0867113 .7814805
.7421102 .4975840
.0809398 .9864084
.9908371 .0429527
.8927163 .6052250
.1957024 .8927606
.5820044 .0789886
.4166508 .7725491
.8144341 .6629404
.6297190 .7106397
.6420419 .3767722
.7008788 .1716758
.5743226 .3199024
.9217467 .1210934
.0197877 .3623105
.4682798 .5337007
.0346869 .3687735
.5213968 .9749845
.3094596 .5309293
.6103786 .6454295
.3650047 .5557378
.1348175 .7680852
.6176369 .3164106
.3051990 .4373589
.5888030 .4760101
.4198283 .9895973
.0559092 .3454573
.1581574 .4979626
.0241229 .0749237
.2965388 .9674563
.3934102 .8762921
.0084243 .9802081
.1355188 .4478352
.9509630 .6233843
.4047591 .6712635
.1052252 .1667839
.6944406 .9641141
.4568017 .7264352
.0153394 .8228723
.8937028 .5737987
.8987573 .9475185
.1632209 .2845603
.2872486 .1971565
.5601216 .9609925
.2310843 .2272854
.5941073 .6395002
.6056606 .1779070
.7713511 .9797855
.3394839 .8313006
.5769428 .6310937
.1167492 .2897171
.7037204 .4287669
.1030142 .9247401
.6670925 .8728721
.5347238 .0474006
.4914936 .1995109
.2985096 .8046081
.6559590 .7315916
.8769411 .0238420
.6353707 .9838867
.9138788 .3426282
.0491112 .0291351
.5024552 .6478782
.6965763 .6773095
.1571168 .7259746
.8731525 .7859990
.0207811 .6383371
.7622525 .1506636
.5891298 .6773615
.0177482 .5013583
.2040492 .2498939
.7030316 .6769077
.5623814 .5430417
.5418916 .5154876
.9771361 .6509347
.1538183 .7866540
.2762715 .7192944
.9711389 .9260953
.8767628 .7731499
.4339672 .6902947
.2640685 .8450146
.5852062 .3309091
.0619580 .8671089
.2831994 .6425311
.0051200 .0200484
.0429711 .3446350
.0246895 .7676025
.3247567 .7384390
.6099740 .0159480
.4145835 .3891878
.5908747 .5170655
.5774487 .6184900
.1549476 .0278536
.7880431 .6818797
.6183858 .5149294
.1234048 .4232251
.2465896 .9732377
.0902577 .6470275
.9900716 .7552802
.1984976 .0765604
.7753859 .6752831
.6102541 .1522253
.0662266 .9847327
.5075635 .5899866
.5719645 .4756912
.9348688 .0213086
.7023395 .7569607
.4766994 .5682029
.8079649 .9037546
.6049004 .2018177
.2543648 .3798543
.4400727 .4600096
.4876391 .9855541
.7723659 .7655485
.6851635 .6458085
.4188369 .3365636
.2551611 .6091749
.4871539 .5965621
.9521678 .0051764
.1849024 .0923821
.9965267 .0688665
.9640294 .1718027
.2977279 .4874528
.7124671 .9527621
.3438307 .4931018
.2785968 .2652588
.8800094 .1942844
.9053694 .0345637
.1936171 .3185240
.4134869 .7073793
.3737119 .5829351
.6484793 .4455867
.7299021 .3037984
.4236882 .5072409
.7362886 .0283654
.7665048 .0210512
.1963770 .7844198
.7125993 .6957434
.2767515 .2966162
.3837404 .2839741
.7912040 .9515559
.0080372 .1738889
.4805531 .5817186
.4634468 .5795151
.5617238 .8950405
.6000896 .6509862
.7354428 .6528829
.9657037 .5716463
.0553023 .9826576
.7503579 .4333977
.1696007 .4282512
.0977339 .4037815
.7364454 .8548933
.9047926 .3752332
.2547602 .9360281
.5408557 .8132815
.8092226 .8963613
.4399806 .7281701
.6434339 .1433369
.3233734 .3530349
.0879429 .5021374
.1453970 .9283669
.9007669 .5276797
.1688751 .6115923
.9379320 .7892745
.4917950 .5342123
.3579444 .5354093
.6845604 .9366165
.0621709 .6107955
.9585579 .5794388
