1000
.1845244 .0533394
.5649678 .4422148
.8944918 .4332352
.0156121 .3964097
.7865394 .0239936
.5124632 .4538352
.8291644 .8845059
.4885546 .0054048
.9241666 .6127408
.6097856 .1416157
.6683135 .2308290
.9214615 .5116239
.4266223 .5730025
.3681438 .9414088
.4189271 .1846966
.1487733 .6270208
.1422681 .0112178
.5522718 .2559688
.7138610 .6507951
.5188182 .3938898
.7206383 .0953459
.0051406 .4242806
.6867647 .5461818
.3023725 .7032922
.7927565 .3719389
.9536908 .7839268
.1590519 .3105125
.2250035 .9064588
.6907317 .7815065
.7617742 .7140636
.7037372 .2839339
.8725861 .5415071
.5390321 .3564250
.7566466 .7848616
.0298631 .9622843
.0670368 .8735923
.6162397 .3551754
.7905106 .2525465
.3851510 .8462759
.0319696 .4973949
.3274963 .2312263
.6087639 .1274570
.3034116 .1833672
.2656309 .6766268
.9442565 .3544065
.8817646 .9058180
.0271618 .3580600
.5111274 .3960198
.4593706 .7971484
.9170814 .7942088
.3147964 .0183927
.0616201 .2770417
.4719262 .7675074
.6043526 .8689868
.0955734 .2334263
.8608090 .5593659
.9576824 .4154019
.0550338 .1012089
.5645742 .0585571
.4566938 .2759035
.0973397 .7580418
.6844719 .5408734
.8137094 .8425165
.8392494 .5499850
.0262909 .3650511
.1438964 .1925874
.9737452 .4419526
.5403123 .6190626
.4359090 .2133180
.5450795 .2280459
.0962320 .2165176
.0966294 .7400851
.3978297 .7661365
.8305673 .1689875
.6331240 .2594173
.0746794 .5574761
.5990964 .8507390
.9275467 .5375782
.3757831 .7754108
.3285289 .8154323
.3674400 .3028455
.4835628 .2094491
.0939694 .8502771
.0096464 .4720334
.4323709 .6163889
.5174638 .3179025
.8693226 .0628007
.0702499 .3234433
.3091701 .9811083
.2291007 .0460751
.2467501 .4723553
.5994224 .1722582
.5092689 .1102301
.4964708 .0071337
.8310391 .4721990
.3038839 .3748412
.4719159 .1549911
.2491464 .1508567
.8349192 .8306246
.7929670 .2782632
.1784336 .7722874
.9419877 .2482384
.3387076 .9491387
.0499978 .6082517
.8517769 .0562641
.7632967 .9940310
.6505738 .9488772
.5699393 .2953305
.9605069 .5641934
.9967208 .6304253
.1603698 .6534932
.1158146 .5271130
.9377044 .0615180
.1163771 .7333472
.4588747 .8687869
.8940780 .9904954
.5917510 .8804700
.7298190 .4161315
.2482117 .5663760
.1717628 .3182758
.1273138 .9312045
.3936263 .6936162
.6981003 .6607393
.9558891 .6805062
.0112728 .4239212
.6115557 .1129785
.4065128 .0259944
.3282700 .2616673
.6097404 .2549752
.9853437 .9959183
.0022107 .2308039
.3765144 .0405358
.5887267 .7795125
.5234113 .7500750
.6805433 .1768344
.3846758 .8403948
.5124087 .3376950
.5228755 .6958437
.5927962 .4082246
.0446575 .0430213
.8893719 .4211115
.2254303 .7180399
.0132835 .3165499
.9221386 .6606638
.1085947 .7605037
.6078127 .7901416
.5872860 .7978019
.2584404 .6360047
.2733567 .8854646
.2027300 .0321206
.7168400 .1249324
.4124121 .2908855
.8826529 .8513017
.7562775 .4511527
.2702914 .8815436
.8440677 .7703505
.6261079 .8477852
.8130333 .8777831
.3054343 .7593358
.5143649 .1293489
.2497852 .2990347
.9801728 .8483991
.3749586 .8539574
.9231716 .3852158
.5166974 .8333287
.6571028 .2981468
.2368394 .8009309
.7301206 .4098319
.7272251 .1461519
.4272691 .9167087
.4212065 .6753614
.0007144 .9611469
.0810630 .2993278
.0939501 .8826403
.1091374 .0361652
.5926906 .4545275
.3537136 .3936131
.5020044 .4302460
.1577246 .8275866
.0453222 .2501783
.9269581 .8216651
.8226951 .3162531
.8596754 .0578029
.5569774 .2836589
.1541403 .4528200
.8888726 .7418283
.1546049 .2564483
.2339247 .7923080
.3575034 .1206565
.4529513 .6487578
.5130934 .6699200
.7660208 .6911595
.4462268 .6788455
.9002737 .5468978
.5934838 .9853585
.0325780 .8277254
.2102190 .6603211
.9856107 .1432781
.0252990 .0812290
.8643643 .8957919
.7861241 .2193380
.5707029 .0315289
.3020695 .8844570
.2853425 .2141658
.6084089 .5555124
.1259052 .5635773
.7702649 .8711092
.0304149 .8770817
.3498036 .4134734
.9191521 .7638426
.0799283 .0796344
.9830935 .9587670
.9217741 .5212857
.3506173 .7594430
.2165237 .7127171
.3996727 .5054406
.5471115 .9753317
.8015992 .6882039
.3624058 .4858233
.3841384 .9738026
.2331293 .5988772
.6513168 .4095418
.3402345 .8375513
.0507036 .5758542
.6653662 .1960718
.7754607 .5815785
.2695581 .9489313
.1585146 .6656677
.6080984 .3926690
.8754974 .7811205
.3216972 .2258480
.7257323 .8545086
.3393708 .3992809
.3978817 .3314217
.0869680 .4807925
.2278452 .9664911
.4646634 .5525155
.5874897 .3659270
.0721887 .5071816
.4577290 .2477323
.6447166 .8838720
.3797394 .3944759
.2253201 .0715110
.9726256 .4177496
.3394414 .2358065
.3710234 .2517281
.1379967 .5556450
.2758649 .2026271
.6112530 .5889056
.0172337 .7958513
.7056117 .5635715
.4788171 .9152597
.3475655 .2836414
.4953154 .0887969
.5285256 .7639853
.1612120 .4487633
.9535981 .7147102
.3229415 .0277648
.2168729 .0720939
.4956221 .7249204
.6330443 .8454892
.8665585 .5107467
.0153499 .9810695
.4245627 .1903146
.8155655 .5346764
.2782082 .2073118
.7932712 .4356041
.7763156 .3785836
.1064746 .1867108
.1866854 .8690852
.4490891 .0970550
.6782425 .8580076
.3253820 .6321003
.6287526 .8526469
.1574767 .1816981
.4740086 .0594261
.7669830 .4133171
.2412824 .1408643
.6409812 .2606407
.5737926 .5302605
.7585713 .7964504
.6453597 .6369471
.7771612 .4919732
.2642184 .0861993
.9052704 .8483384
.2385298 .8688011
.3560268 .7127729
.4773962 .1328861
.1053790 .8134329
.2715356 .4795333
.6815077 .6506027
.8661202 .1057293
.4846359 .7941799
.1210415 .9932442
.9645822 .2211810
.2549244 .5267349
.8396131 .3832319
.0800014 .3335257
.0846042 .4609268
.6343553 .6030458
.9968534 .4153393
.7724804 .4353607
.2992733 .1001190
.3384757 .5926515
.6857759 .4012976
.4598992 .0294063
.8625978 .1144374
.8932710 .3385117
.0897768 .4758603
.0408247 .2909191
.2641079 .7996861
.2462849 .4231222
.1813619 .8360583
.4565866 .5338658
.9314827 .9965294
.6854675 .3213299
.2635498 .6658967
.5001585 .4940427
.7426592 .0491034
.7278764 .7299850
.8311966 .4379319
.6858932 .9833073
.5723992 .9133957
.6065259 .9288023
.9322924 .2517644
.8728641 .8103090
.3521974 .5383199
.7063363 .5775808
.6506914 .5140106
.7447160 .8513848
.7513162 .2244385
.3977930 .7807160
.1481424 .7838531
.0340883 .0185695
.5906436 .1223239
.1895783 .5507180
.8948894 .0027945
.5398269 .6099485
.4799743 .3645743
.9690982 .9782304
.2845249 .5967757
.5203603 .1408653
.9232200 .5325348
.3224800 .4668269
.7701772 .0833493
.9567689 .2427743
.2649634 .2408057
.5232762 .3166425
.9755253 .8361279
.4642346 .5798135
.3556735 .5796489
.7517617 .7416788
.9255380 .5532628
.2907141 .9714508
.6918100 .9874365
.4543723 .0814033
.6082406 .7462349
.8768335 .0228392
.0409459 .8323168
.4754856 .5180438
.5202203 .2097750
.8611607 .5527998
.1909493 .5643034
.6914033 .0367614
.6649847 .9532590
.2001664 .9726281
.4661665 .7560245
.3490486 .6666642
.6646980 .4684570
.2323420 .5072054
.0324575 .6824014
.1595510 .2164091
.2122218 .4780440
.0510983 .7631751
.7668421 .2965556
.4195442 .7689162
.0317964 .4538143
.4612242 .6372255
.5964177 .5412760
.0306618 .1255043
.8331036 .2130701
.0788445 .9208034
.7151192 .8924078
.2603689 .1905365
.4348588 .7961880
.7949661 .1958620
.9657970 .8625578
.4349279 .9634453
.3004849 .5978962
.8578650 .7295292
.9289934 .9005398
.4779473 .3557890
.1698299 .3693305
.2397171 .0638641
.8887075 .7040161
.3056256 .4767723
.2872925 .2274625
.7380349 .8601476
.8493411 .4198237
.5624516 .3314446
.9181296 .2030303
.4226286 .2954401
.1569273 .5385028
.0287848 .0515709
.4111233 .1276302
.5739648 .9224133
.0316485 .4965767
.2543904 .8299520
.0071931 .8051594
.1689528 .3917516
.4475561 .0821661
.5696652 .6547521
.9099447 .4323320
.2553467 .7996931
.2993126 .6965484
.5989411 .7411714
.8255516 .1275209
.2161039 .6615671
.6746806 .3563056
.7479145 .2335849
.2457749 .1967096
.9602005 .6254631
.3053903 .0277378
.8599020 .3020488
.1893298 .4098697
.4865584 .0284474
.8979252 .4672448
.3332825 .1828557
.9332160 .0806113
.0528954 .2610273
.0496685 .1984162
.4651383 .0136046
.4570338 .1364821
.3414670 .6438404
.8347617 .5885970
.6337679 .4890291
.8897153 .6368275
.5488222 .1338316
.8979325 .1947288
.1553970 .4146110
.1895049 .3396493
.2368556 .6654585
.0234541 .6302981
.2480706 .1607865
.6044309 .9384364
.0675907 .2957487
.6503063 .1622528
.5083667 .8213344
.1519151 .4844698
.2042882 .5603143
.6835132 .0787824
.6542266 .5553158
.4225751 .2796362
.1966276 .5607082
.2055400 .5758846
.0098555 .1427173
.4546778 .1693155
.5778682 .2917898
.3205360 .4926758
.3062990 .2097291
.2421119 .6844391
.1870498 .5810482
.3681198 .6824325
.8439639 .8803743
.6301504 .8763468
.3894525 .7501130
.1223048 .1383814
.9110006 .7869811
.9196828 .9576013
.9036879 .7219619
.3450749 .2002895
.5741265 .4227778
.4420019 .0064512
.8539534 .7856188
.1930208 .2499331
.5561234 .7456653
.6826356 .0121639
.9511354 .5934150
.4793573 .2605609
.8868977 .7430081
.2241224 .4329811
.3666038 .2041673
.6725480 .3974913
.3626501 .3430623
.8440328 .2079813
.8976981 .0989096
.7666678 .5740223
.5703568 .6094432
.5459483 .8086652
.4340592 .0840954
.7875416 .4488567
.3324209 .5808142
.1175125 .4356097
.5191188 .8604675
.7026052 .8082825
.8990072 .4187620
.0010781 .8600690
.9612143 .7740770
.8813360 .6083760
.0632337 .7026016
.8288781 .6799325
.9839528 .8792103
.0070129 .1595265
.5970445 .7606388
.9160551 .9039785
.3156056 .9312664
.4694676 .0176160
.0032495 .8531976
.3212922 .7978970
.9024681 .2909095
.7723963 .1032135
.5518691 .8235005
.7761902 .8200835
.5912788 .9590988
.3677078 .4021797
.9165805 .5082733
.8509477 .2447377
.1609467 .0758830
.5832896 .3081053
.4497177 .7507241
.1653013 .7143343
.4939921 .2041258
.9394804 .2490401
.2319337 .2843307
.2700940 .4830601
.4632610 .5826114
.1534431 .6979993
.5052889 .0566487
.0162436 .5073474
.2696341 .2712577
.5095386 .9987664
.9461875 .7381371
.7942900 .8091616
.5016003 .7244508
.0277083 .6455418
.4572383 .2117764
.9691058 .6822345
.0977288 .8167895
.9907770 .7370185
.7547738 .7650371
.1507622 .3309636
.6782233 .7088159
.8954962 .2824969
.0014171 .5065385
.6339472 .4262315
.3719033 .1785850
.7710537 .8696830
.0807423 .2055159
.4047400 .8319296
.3001102 .1582090
.0626810 .9108441
.8337306 .3030003
.5549513 .4005000
.2891939 .2027945
.9068963 .2660278
.6743813 .2693899
.7606459 .2553448
.1683914 .4824695
.6288279 .4990828
.4744904 .7838808
.6728700 .3724783
.1700650 .6264802
.6709686 .3542486
.4552703 .3869990
.6350125 .5433325
.4844250 .3616191
.9166172 .2481153
.0461354 .3082619
.0826337 .9451565
.9310154 .3755247
.5001715 .6537832
.2686388 .0967763
.2980047 .5649807
.9944011 .1986781
.7003407 .2110857
.1761980 .4833618
.8830030 .6176495
.1316480 .1371986
.3912537 .2287683
.2279074 .5785694
.3804194 .8679562
.2943457 .4018268
.7803453 .9515487
.1973881 .0617480
.9151357 .4114452
.0180775 .5667599
.7908074 .5470143
.3152848 .4420887
.5430390 .9879795
.2174002 .3552883
.4502999 .2243437
.8166727 .7733647
.1869455 .2966998
.9845502 .4874633
.0265235 .2288720
.9122972 .3798577
.6052131 .0505359
.2252513 .9383062
.4041579 .6635482
.4252229 .2017500
.7801261 .6529588
.8751528 .4433510
.3265821 .1703672
.9321238 .2940399
.4295448 .3991982
.7255865 .4515936
.6296933 .4618874
.2211071 .8138168
.0367168 .9986750
.5474832 .9642029
.4740518 .5249783
.2256139 .5065188
.8595538 .9849357
.2374495 .8106278
.8354831 .0259729
.3166012 .2525736
.8220838 .2239020
.1201594 .9020196
.1431747 .0284304
.9328612 .6616034
.0071947 .2507843
.3263715 .8651652
.9582132 .5917471
.0019949 .0021603
.6611926 .5605352
.3260416 .1984134
.9644109 .1508833
.4522092 .9307362
.1871024 .2462532
.2311523 .7043524
.2971801 .7845074
.3377656 .5345724
.5450465 .5244773
.3930419 .4422829
.3651172 .5608862
.6985634 .1285788
.7944424 .7058428
.1041677 .8068079
.8228660 .1078856
.2469972 .0474501
.2041663 .0641029
.8743972 .5771456
.2327365 .3854748
.3228851 .3498487
.4232382 .8260489
.7870763 .8950494
.2064604 .3461573
.2799183 .9023073
.6459854 .1493958
.8502792 .1175037
.4473713 .7507871
.5647423 .7362828
.5220535 .4752283
.0438023 .3536418
.1172047 .8642561
.2224335 .8725745
.7530362 .0361366
.9226186 .2336178
.3306173 .0875706
.4097914 .9831041
.8839019 .5707006
.1726685 .0704407
.3344334 .7898687
.7205250 .3108311
.7388033 .4395128
.4250157 .0640647
.0575313 .6859576
.7240660 .1943638
.2672607 .3574617
.9195549 .5603075
.2211880 .0619842
.0923978 .3446025
.2581163 .8515287
.2696152 .6154524
.0786096 .9838829
.0369478 .6965368
.4450632 .3228830
.6139571 .2306689
.1062777 .3302739
.5002437 .2100968
.9689596 .2365887
.8528183 .6086689
.5986505 .0735196
.6446931 .4197429
.9785440 .4817726
.4498209 .6482980
.1216630 .6896760
.6535003 .8332552
.3425731 .3396291
.4417070 .6310390
.1593769 .9101067
.7063919 .4559709
.0128135 .7661722
.8330266 .6666909
.0420364 .2345609
.2154782 .7674927
.5187186 .8411746
.4630582 .9537641
.3726938 .7075448
.0042331 .4036791
.3910357 .2542660
.7173993 .2734141
.6734744 .4168506
.0852331 .5975026
.0029874 .5936929
.1168184 .3740208
.8514549 .0051342
.0399513 .1081480
.3840839 .9727752
.8511188 .0167969
.3380385 .1924691
.7265568 .9185009
.0030238 .1736233
.7359181 .4410924
.3846148 .8898305
.1393309 .4069598
.3325511 .0072145
.8554059 .8713457
.0011971 .9404976
.7159619 .0002850
.2005402 .9834543
.3142979 .4259079
.4036405 .8583931
.2366410 .4899801
.4979878 .6543843
.0573582 .4012532
.5889449 .1394092
.6815363 .2454819
.7559970 .1382247
.6250233 .3933657
.7870577 .8038009
.0108775 .4832163
.4202438 .3514750
.9988116 .0813781
.0414951 .7847598
.8045416 .5513603
.3428248 .3708242
.3503622 .7368139
.0500070 .6103109
.0456862 .8659279
.0777887 .1161567
.5431025 .6350714
.6504185 .5327081
.0556304 .6845835
.0080620 .1904668
.6456994 .5340650
.9656848 .8415340
.6848440 .3303641
.1478855 .2320310
.5016050 .2482225
.2261048 .5537410
.3375581 .7782750
.6562832 .5287140
.5591657 .0843182
.6655437 .0059036
.2551695 .6935031
.6634931 .9138189
.7019185 .5189017
.6424212 .0809794
.7062636 .0607752
.9536941 .1074213
.7288534 .9853652
.2651284 .8839122
.3287424 .4701683
.3637717 .6866596
.4195809 .0019727
.3054434 .6374383
.8421942 .9254613
.4492673 .7629835
.7794950 .1104539
.0624203 .4014895
.6963032 .7168968
.0350679 .2138963
.0951822 .2080514
.0931338 .9266181
.9437497 .4510073
.7097938 .9612544
.8404809 .8441854
.3555679 .5338994
.7237101 .7559343
.1392518 .3077230
.2587533 .9161855
.3128421 .3707998
.2147208 .4814584
.2657259 .7375142
.6070879 .9368194
.9268765 .7245283
.7633273 .3887324
.0262839 .8570675
.5833051 .6596287
.2235027 .2814212
.1175959 .3754949
.1646858 .2958624
.3667979 .3363629
.2399324 .3029420
.2922201 .2083227
.0278845 .4070861
.9893934 .2440872
.6694048 .6459074
.5646132 .5342598
.9295157 .5024076
.4125777 .3578163
.3967371 .3865846
.4490315 .6199432
.7291826 .1246441
.7225839 .1578108
.3724100 .5153323
.2184310 .8171274
.7177432 .5066329
.2649976 .5489538
.9017270 .7504951
.6414157 .1792905
.7152177 .8841582
.3256926 .7329048
.4294914 .9772843
.0742924 .9547844
.4793383 .7253085
.1250629 .6120112
.2795513 .1494170
.8959028 .8577757
.0891699 .2081748
.4276768 .9172380
.5624703 .6983123
.4955595 .0690024
.9096364 .4233298
.9796324 .7406573
.5934860 .5766745
.6220707 .8441557
.0591944 .7970600
.2710510 .5163213
.6668259 .0203274
.8744912 .4084734
.9943016 .1258530
.7813013 .7316233
.9113572 .9441922
.4628980 .4919174
.8907333 .3821754
.8997038 .7645318
.2064508 .5953338
.0901403 .4100852
.9432072 .0961049
.1246204 .2303656
.7658491 .6680322
.9031742 .0217884
.5211824 .6369157
.9289899 .0850577
.0012303 .5428654
.9352452 .1950119
.3101060 .1132421
.8405294 .4701367
.6560719 .6438233
.3078410 .5887498
.1337848 .8799826
.8199724 .8979388
.9543177 .1145019
.6839900 .6089926
.0949677 .7846329
.9308774 .8638391
.6372642 .0964585
.0621406 .3229258
.9876298 .3052698
.5796905 .3355782
.2659827 .8498409
.9725095 .9161758
.6258563 .6269395
.2649066 .8080376
.0455057 .7884342
.4854456 .9537259
.8006288 .4727343
.8093278 .7250990
.6809069 .2082990
.1640123 .2559023
.0172246 .1503725
.4595738 .0585054
.4043142 .0712080
.1906449 .6266129
.9823455 .7946293
.0221562 .6969220
.3158008 .6611185
.3703994 .9718032
.0014983 .1804954
.3655848 .0366767
.5600023 .2639481
.5609626 .5218739
.0135547 .7514733
.1531292 .7789395
.6142197 .2279547
.3022509 .9225870
.9308278 .6519521
.5810165 .4263848
.0926694 .8440511
.0160820 .8847677
.2694040 .5721306
.1820016 .3356589
.9754501 .4424171
.1190571 .8838913
.7458797 .1084941
.4144025 .4202564
.0497028 .9338017
.7394524 .0764244
.5830548 .1123776
.7918496 .7116930
.6043444 .7309415
.4515690 .1505737
.7085448 .1436806
.7191555 .9751401
.0486643 .5675503
.5386520 .2548719
.8466760 .6663314
.9848651 .4389703
.1289775 .1893674
.7681425 .4488178
.6954373 .0166279
.0212041 .4359431
.7964357 .2237835
.5106826 .2955639
.9466670 .4451140
.5773019 .3670413
.5330012 .7415944
.2569523 .2674278
.8490596 .6771829
.3617159 .8872508
.0715000 .1064615
.1840705 .5607859
.3299836 .4571279
.4954466 .5758556
.9495698 .6646949
.3959495 .7176880
.3835084 .4348948
.2767847 .5921047
.2162316 .6599985
.8096502 .1273121
.4984428 .5243184
.7944895 .9303841
.8637141 .4648561
.3824384 .0311621
.3415966 .5061610
.3359548 .8773135
.1860715 .8022607
.4719030 .0816899
.7278806 .1687967
.3221716 .1364630
.2700368 .0885273
.5941476 .8048062
.1002669 .6739220
.6614587 .8246726
.2024626 .3599564
.6927292 .4925256
.3090395 .1041998
.9490816 .1572322
.3326059 .4531474
.2536700 .1027715
.4211699 .2942795
.8500427 .1274664
.0564194 .1907948
.1995251 .6691485
.6070577 .0661616
.2874783 .8495457
.0939197 .2818273
.4681473 .5242722
.8432852 .8844141
.7192548 .4716293
.1096073 .4767857
.5294431 .3160252
.2364387 .7162701
.8205138 .6797263
.7798198 .2263622
.8160736 .3468915
.2144569 .5261762
.3000711 .8009394
.0398074 .6730585
.1417075 .1923020
.6483728 .3538860
.3637313 .3780427
.2472251 .2629497
.6530923 .8547034
.1587208 .3197263
.4977349 .8256207
.3776402 .5965724
.7098624 .8858489
.4272885 .1701981
.7807140 .3912805
.1215648 .3449871
.3086636 .9605830
.2762977 .1215984
.8426837 .1337285
.8814245 .1390954
.2658260 .3111810
.5935063 .7788893
.8747592 .9927852
.1707824 .2973246
.3454749 .2320814
.8731275 .8015629
.7534388 .2646929
.7970462 .0888244
.8676268 .5406304
.2088717 .7577896
.3784527 .9093507
.4627872 .9363476
.0534709 .4302408
