70
.3533870 .6482761
.7652214 .0926435
.1396730 .4468851
.5076610 .4841560
.2199323 .7451485
.5656930 .0765040
.6509740 .6672552
.1822203 .1498438
.1891470 .6663872
.4268243 .4317781
.2760487 .4844170
.1316633 .9969680
.8024206 .7742947
.9011148 .7856294
.5141465 .0989535
.7538208 .3116199
.3290738 .6986156
.3077371 .5934280
.3209366 .9672871
.5976366 .2392734
.9821492 .3622634
.1241750 .9077724
.5732941 .2884151
.2655040 .9427170
.5639245 .5901663
.6154141 .6765222
.7144796 .3241899
.2125181 .4813187
.2778414 .5882184
.2469502 .8265553
.8339834 .8967745
.1158603 .0218527
.8224519 .9113555
.2755355 .5657449
.0027151 .6764289
.0226913 .6043989
.6368869 .7468047
.1342400 .3864328
.6256222 .0173211
.3950806 .1751072
.2962634 .4205892
.8260621 .1794561
.8902288 .1185828
.4556602 .9609001
.5593457 .9924011
.5129773 .6685670
.0809935 .1823620
.8978458 .4994669
.4496898 .6359840
.8349712 .0508647
.5957875 .0101589
.0596231 .7511877
.0054001 .2092030
.2162587 .2796420
.9422059 .1232583
.0700552 .7079009
.9615385 .0000054
.5135490 .8518283
.8078256 .0126065
.2628231 .7767156
.6331285 .0915109
.8338685 .2629931
.4899346 .5180104
.3112664 .9553461
.6456066 .1214995
.1971155 .4686555
.5366597 .6060673
.0745480 .4287306
.9134763 .4185975
.9411718 .7414252
