30
.9941896 .8916650
.1876063 .2262483
.9402277 .0929114
.5181380 .9168384
.3413854 .1293492
.8544510 .6305628
.9727511 .2304249
.7357930 .0376462
.9430978 .2140208
.1923972 .4052676
.3850694 .4703620
.6004608 .9711586
.9790657 .4010407
.2415629 .5831740
.1006176 .5025442
.1323489 .9755610
.8917999 .4836960
.7380568 .0489462
.1116880 .3069854
.3315461 .9448423
.6291799 .8331451
.6368230 .1387768
.9813371 .2523174
.8190481 .7385072
.3168945 .5670125
.8555584 .1222230
.7504172 .3525907
.0359538 .3806916
.8278902 .5984655
.1726876 .0690109
