50
.3079961 .9288117
.3478042 .5346214
.8307912 .0933193
.5341633 .5714864
.4088161 .0681806
.1224014 .9804597
.3904024 .1760960
.6961125 .1857217
.5477942 .1146952
.9348254 .0772006
.9469547 .7364778
.8060711 .4743034
.8628817 .4371251
.9926531 .7913883
.7903238 .4843606
.0072702 .9988215
.1969711 .0563768
.8269080 .9995340
.3305183 .2384173
.1959592 .7992523
.6576122 .3616739
.7537589 .5460404
.6042668 .9110254
.7805462 .7959926
.0939999 .2655679
.7546794 .3088960
.5393914 .6941715
.3896555 .3099557
.7201134 .6707055
.8760211 .4282921
.3484265 .5008976
.3820083 .3343951
.7417969 .7033077
.3466074 .2790938
.2393498 .2363885
.7961871 .0554047
.8494746 .6253494
.0846140 .0688791
.8226975 .8673256
.5385025 .8563243
.8171016 .6694553
.1126554 .1190426
.1607427 .5276670
.1423356 .6545623
.2018570 .2475655
.6226568 .9372378
.3458225 .0435452
.3424867 .9076267
.2679922 .0664489
.0297422 .1152179
