80
.9593858 .0386033
.1342854 .2001915
.5718041 .0465359
.5004310 .1538558
.5342521 .1690466
.0252033 .7914855
.6621822 .7982644
.4020104 .3073536
.8007541 .3656318
.2621880 .5214986
.1436813 .8612105
.3989631 .8532323
.7761736 .6325344
.4300093 .4503931
.6682412 .3960598
.5399375 .4499462
.2242843 .1926806
.1907882 .5593506
.1877747 .1528855
.1489296 .0433340
.5536132 .0827171
.9171424 .5468595
.1905660 .1520350
.9349764 .6891755
.8447038 .9124593
.1601121 .6704315
.4921465 .4820697
.4973619 .8234619
.7333091 .4332263
.8164920 .6385085
.8564048 .5720588
.9991612 .7449026
.8178509 .7040044
.7703499 .0456009
.8515949 .3775587
.3796067 .9999789
.5758842 .6639102
.0686666 .2069817
.8498110 .8766382
.4484169 .1616324
.4657169 .8139557
.3511916 .4875396
.9574052 .1043453
.5528819 .1684585
.9557365 .4806508
.2897635 .3326783
.9177287 .6610397
.2311596 .9420552
.6654043 .7785071
.2024992 .1974276
.6564864 .2120463
.3628897 .4259621
.6182838 .9080414
.7934145 .4332156
.1438982 .9531174
.8008909 .4904014
.7988753 .8204055
.1281935 .9300308
.6267669 .3482232
.3153615 .3228169
.7714356 .5493016
.4919808 .9249853
.0374612 .6532188
.9046614 .9749874
.0603673 .6553746
.6852273 .8765707
.5157253 .8209698
.1244086 .6632716
.3081698 .2478024
.5987744 .6671803
.4831359 .3405482
.0592788 .2193244
.9183486 .9423365
.5695225 .6347521
.5889307 .3951426
.9095559 .7644034
.9570871 .8845787
.0531790 .0476675
.0998414 .4303578
.8871342 .2311678
