250
.4710082 .3013294
.6002981 .0002595
.1131369 .7347423
.0068469 .0300721
.0587559 .4210879
.6837872 .6013348
.6090761 .7710437
.6489689 .7167568
.0652874 .8875888
.4512836 .1295498
.7291739 .0525864
.2504469 .3946172
.1487659 .9174633
.4457390 .4489899
.3524625 .6715028
.6776175 .7337444
.5304061 .9733132
.4542367 .7443493
.8262504 .3451699
.0661742 .4876509
.3809963 .9094479
.8509996 .0885527
.9959249 .0920469
.4461142 .1224090
.9139970 .9678309
.8024636 .4822577
.1060677 .4534605
.9896750 .9928062
.6250366 .1768454
.9588036 .7625790
.2802781 .6205914
.3836036 .5663703
.9965296 .5375257
.6039610 .4541526
.3535087 .5954455
.8622571 .3094017
.2400478 .0889259
.9588717 .1864427
.2721237 .1591264
.8481893 .8374290
.2779853 .5263349
.4302557 .7269736
.0932955 .9402545
.9320369 .7957852
.1699582 .5030730
.0699815 .9809495
.8067627 .2709116
.0836706 .6742865
.5682928 .0786396
.3576760 .4835090
.7683769 .7870196
.5217364 .3732722
.5408567 .9830117
.6419082 .9616393
.4762752 .8745944
.5788681 .8265477
.2283975 .4489233
.1729292 .4685584
.7369180 .0828460
.1850054 .3500563
.3074577 .3209903
.6326083 .3941537
.9596401 .5196279
.2514124 .6233809
.1088413 .9825717
.4148614 .3308480
.3847692 .0142700
.2731446 .3244643
.4955142 .3482935
.6325234 .3250427
.4917711 .4773613
.8778697 .4262127
.2327268 .7521915
.9242734 .4700728
.6502883 .4065770
.8341039 .0269326
.5870522 .0184593
.6078773 .0973859
.2683441 .8821805
.1920814 .3248295
.2699415 .3338210
.5736686 .9984409
.2583913 .6653570
.7656311 .9600788
.5953028 .7475775
.5348437 .1606032
.5832902 .1570715
.0735908 .4362629
.8495165 .2074085
.8488074 .4260937
.9607068 .9946708
.1444456 .6962445
.3762070 .9960418
.0964557 .2838298
.4958298 .9579835
.2480329 .1658337
.7569954 .2659333
.9539433 .6797797
.0787085 .6262026
.6533132 .6918832
.7233667 .0761332
.6141372 .2822307
.8239230 .8713647
.9213622 .7897282
.0636874 .9175440
.1126156 .0641539
.6467019 .7937741
.0278957 .4781700
.7933193 .1698076
.3857259 .3656298
.2610105 .0992482
.7697938 .7184832
.2346804 .2650899
.7358734 .7750796
.4515385 .1875949
.4452512 .0872055
.4080081 .5410636
.6018671 .2188282
.4129209 .3662608
.7073310 .8007544
.2624894 .8474192
.1298070 .5743076
.2659348 .6226239
.7758599 .5731917
.7813264 .9272664
.0126513 .9229875
.5518189 .2829312
.8527577 .0267426
.8732136 .4268209
.4142606 .2349066
.5722688 .6554177
.6210496 .4879528
.2166077 .0938000
.5163704 .8274517
.8840696 .3996713
.1179670 .9906532
.8520793 .3069833
.3246010 .3668212
.0737303 .8838396
.0576976 .1701772
.3219391 .5364262
.8422684 .4813841
.1288937 .1858076
.8395038 .4715640
.5352417 .6658451
.5684188 .2319311
.2896999 .6640052
.0120821 .7077548
.2901710 .3157224
.4991616 .7345937
.2046887 .1680348
.8751948 .4920765
.5147224 .3877149
.4090363 .1579884
.5322314 .9788398
.1847597 .4325853
.7905002 .0079754
.1618021 .1169261
.8198912 .4626695
.5877414 .2141245
.6033557 .8790327
.1476959 .1608055
.5605128 .1926212
.4483425 .8072322
.0184989 .7569046
.6668614 .6055930
.7652553 .9360775
.1371506 .0313169
.1066202 .3521487
.1763067 .3840709
.2101804 .4258846
.6400517 .5627973
.4514676 .4105906
.7904072 .8898177
.7044217 .2276492
.5038790 .2171881
.4482303 .0614953
.2726215 .9661668
.2943619 .2850636
.6709203 .9473908
.8559837 .7279840
.9787504 .2421685
.2596534 .8696996
.6645641 .4887319
.1963619 .9765262
.8097209 .9433635
.0733233 .6812423
.8735221 .9445726
.0945234 .6393691
.2045350 .1059574
.1896113 .7386670
.3422191 .8445933
.5373887 .3757988
.5516794 .7987653
.5895928 .4723940
.5101010 .3211391
.2780301 .5451574
.1199482 .5080783
.4560476 .0719853
.7527652 .0372939
.2440021 .8465727
.7072872 .2663847
.1654407 .6634814
.3629751 .3636303
.8113063 .6373868
.6789239 .4066593
.9762881 .2850051
.7697770 .0388653
.1845923 .1743028
.9137048 .9997168
.3595850 .8987923
.3290921 .1629330
.8781009 .2283003
.4002163 .0829044
.8583823 .8223390
.9293158 .8592653
.4207627 .6063982
.8219235 .7141923
.6800029 .9808878
.9406090 .3063548
.9127708 .0703803
.4432161 .6865002
.9157937 .2780054
.6967255 .0769533
.9398553 .9746246
.9559073 .4128810
.3497194 .1505359
.7333733 .8365434
.6053881 .6522125
.6683876 .0439613
.2585058 .0187460
.4172668 .4409978
.0693600 .1605240
.5172925 .3048234
.4224501 .8620068
.3851790 .3366270
.9871705 .4545552
.8541985 .8392909
.7574201 .5448927
.3724641 .9040929
.6200842 .3882274
.8075178 .0253640
.5449719 .7881045
.5456726 .0009503
.1431086 .1509883
.2424197 .2763304
.1789191 .8231579
.3640400 .4458576
.8049570 .8290342
.9392616 .7678605
