80
.6550242 .2065804
.4295132 .4583874
.5664012 .5878818
.9289492 .4124248
.3301133 .5249138
.7063003 .3938224
.5342836 .2491637
.0636549 .1411365
.7616271 .9289641
.2901243 .9573794
.6554191 .3297219
.8369906 .7213547
.3650602 .0685602
.9386327 .5479489
.4717737 .4982284
.2944529 .3290811
.0269697 .3777754
.6073374 .8313072
.9935367 .5083053
.9806243 .2142572
.5114454 .1069395
.4745136 .5357018
.0487082 .9741685
.7682583 .7311156
.3696058 .0298708
.3077165 .3426703
.7643137 .5396918
.1678363 .5066729
.2352973 .7519886
.9427892 .9091052
.1112503 .5794423
.2966750 .0431412
.3315826 .6894949
.5563926 .5448544
.5736800 .6522681
.2843165 .9758148
.3290088 .8093484
.6982442 .4334316
.5077882 .8850495
.8635908 .0087714
.3880528 .1142835
.7094069 .5216915
.6336323 .2962591
.2443980 .2265078
.2845481 .6266572
.1881293 .3176050
.3577148 .7760042
.0899102 .0304119
.9583027 .2694412
.5748909 .8235515
.2528154 .0212573
.5125531 .3747532
.6415236 .5622048
.7134640 .6958262
.0255298 .1820140
.4797816 .2776554
.9150719 .4444667
.4049610 .4593432
.6808637 .3061442
.8673202 .7582970
.6069762 .8083243
.5069900 .2197930
.3471391 .8777385
.6201944 .4023656
.3890386 .4668029
.0401998 .8037983
.3533772 .8257798
.0795386 .6835738
.2437765 .3038936
.0496502 .6208909
.6552258 .3370027
.5058184 .9698256
.6653455 .2467856
.6286007 .7794128
.5844074 .6388344
.1767638 .8184034
.5244989 .4703246
.5474671 .1017300
.1505699 .6253413
.1609648 .7153263
