100
.7979440 .2162930
.1264344 .2820673
.9465706 .1673627
.4307330 .3639913
.8830308 .5951745
.4301750 .7728832
.3986053 .7297907
.8339837 .5609855
.5991137 .0195016
.6661373 .5076668
.1384746 .3783520
.5498695 .7676384
.7611434 .0086422
.2352384 .0419714
.9404236 .1337397
.3125613 .9393467
.0224685 .9751452
.9740851 .3824268
.1437143 .0014388
.8663297 .2674627
.8801751 .7912603
.8325133 .1237783
.3956383 .1511396
.1822574 .2006359
.7549857 .2125625
.7357636 .1267166
.7187823 .3394266
.1507839 .8740706
.0835809 .4827793
.0193535 .9834461
.5142418 .2377285
.1713495 .5784157
.5526201 .8384474
.9848636 .2562213
.4913821 .6595493
.9080588 .0757791
.1701360 .9015577
.6600127 .0873632
.2686547 .8880292
.7029401 .6211459
.8113908 .0928817
.7565517 .2675455
.5188811 .3869179
.7360356 .4732555
.1926840 .2181966
.1046623 .2124259
.0363242 .1350703
.9942108 .4797778
.9180091 .2741666
.5027041 .5359758
.9817726 .6566105
.4582294 .9974089
.3098636 .2901612
.9563092 .0221448
.8157693 .5259376
.6402962 .9582867
.1769223 .6668276
.6909781 .7847763
.0590234 .7087794
.7019260 .3199093
.4876886 .9917637
.1074901 .2689730
.0229486 .5575314
.8546524 .4365206
.1106489 .7071689
.0095960 .4853920
.0321800 .6111507
.5937498 .0657077
.3478561 .2738826
.9686148 .4822293
.4148249 .5569026
.5377930 .7747367
.9302792 .6207508
.5997182 .5479364
.6651112 .7932925
.2445389 .4369340
.4596591 .6877924
.8098359 .0009925
.6870029 .9905451
.3462711 .3092033
.9730178 .7661671
.7372776 .6613359
.9062586 .8770240
.6954009 .8575464
.3723766 .1074812
.1383182 .2113411
.2923133 .1870172
.9337792 .0482411
.9036408 .9194949
.3861532 .6425084
.9602736 .2873436
.9968262 .2481077
.6850183 .3848282
.0327845 .8473139
.0272193 .4572690
.5362439 .1780783
.4767454 .7337944
.0445558 .1539499
.7759127 .1282490
.0927328 .5400639
