1000
.6156935 .5479394
.9259679 .8754788
.1808061 .1597640
.5317646 .2102355
.7555569 .5638940
.8914097 .6360345
.6711235 .2346416
.0956104 .0380128
.4099625 .2830266
.9336765 .7524590
.7769383 .0111643
.1062512 .2886763
.6306721 .2924837
.7498360 .7082893
.4328105 .6853748
.6709850 .0735687
.5894841 .1552272
.9513670 .7825522
.0108985 .4422501
.6087096 .6807157
.0994432 .3957429
.0993650 .5962281
.7790594 .3628989
.1297696 .3454347
.1715447 .7725425
.1978217 .1916915
.7691403 .6297205
.3900733 .0460482
.7948016 .4115549
.2830373 .1420781
.9171548 .9415133
.5907467 .2064152
.3189459 .7690349
.9073864 .9258082
.7159445 .3825517
.1422437 .3627768
.3854431 .6621481
.8508080 .4147762
.3748326 .1966800
.6344912 .9031910
.2939045 .7499233
.3035537 .8129985
.6096843 .9995063
.9523006 .9136157
.0073891 .8667933
.0488769 .7457935
.6906899 .9188069
.8479376 .9654767
.6914924 .5054771
.8345090 .4378479
.2541002 .9852855
.6303942 .3553442
.7485252 .5154881
.1569192 .0318046
.6380430 .8028624
.3535664 .8581154
.7494933 .7280835
.0925147 .0872898
.1314599 .1096989
.9831947 .4808882
.4829937 .7380016
.5950918 .1635777
.5291080 .2981946
.4950843 .0054895
.5315499 .4668644
.8390068 .1273712
.7644770 .2942269
.7047724 .2834027
.3523149 .4026562
.7226895 .4404608
.1463777 .4029304
.8514738 .2976207
.7804775 .5542166
.5572802 .1703023
.8538660 .8103505
.5567848 .9317326
.1901117 .1792209
.2503270 .8298380
.8480714 .3873298
.7512870 .1873333
.2386186 .2386510
.9546356 .3911641
.2384056 .2740240
.5098460 .2666241
.1873125 .3002898
.1875209 .9309322
.3945322 .4304703
.4590581 .4878586
.2321130 .2583057
.8358658 .3536493
.7243877 .9206649
.5179518 .4270638
.0947079 .7555233
.2475479 .5023278
.0424456 .1546367
.2057106 .9802525
.3159598 .5895080
.7699537 .7042111
.8313259 .6450365
.5978368 .2161200
.2597358 .6531247
.6314521 .4125897
.4537564 .0417903
.2348335 .9400034
.7767442 .1047598
.9718590 .0939957
.5007985 .2903985
.8851387 .8156600
.7943700 .4829286
.1130790 .8733526
.9661574 .7164938
.0367011 .6922037
.7899067 .3745222
.8212670 .6879324
.8153019 .6712995
.3392430 .4593202
.1709876 .0154753
.3470089 .8142564
.7720254 .0796659
.9419128 .3046616
.0284274 .8471739
.4401761 .6203575
.7739876 .8143874
.7686856 .6731031
.5430894 .5714465
.3212664 .2591015
.5526791 .2775411
.2465264 .5283266
.5198015 .6415185
.7511978 .7565462
.1721608 .9016124
.8489865 .6929753
.0877492 .3958381
.8766799 .5626010
.1148353 .4902098
.0405609 .0944055
.5481809 .1862152
.4384441 .1195271
.6314118 .4001978
.8047897 .6688442
.6666664 .8712432
.2147665 .3671025
.5761361 .5241129
.9117430 .4775412
.3985567 .9405088
.2328792 .3415561
.8272585 .8637528
.4281857 .2642847
.1026974 .3046221
.3160173 .1386563
.6466243 .1928671
.6963735 .2344329
.7398580 .4306335
.9440073 .4996223
.9611729 .8889032
.1050898 .2613942
.3687402 .0219337
.1904584 .1418042
.5530406 .4707952
.4491869 .0272691
.4438413 .8362651
.6597747 .6943633
.5238681 .7118151
.5215527 .7801494
.9858478 .5050028
.8823620 .7124632
.1528184 .4035357
.8040809 .4413511
.6366465 .3613973
.5365593 .7317621
.3967194 .9289853
.7218770 .7216390
.9274445 .3049989
.1509827 .6882814
.7846502 .7601086
.8975898 .7062805
.7798931 .6240174
.6011225 .2670040
.3381956 .8266749
.1904159 .0445502
.3265221 .4669017
.7491946 .8558384
.4025024 .4108106
.0269767 .4300861
.5781930 .2989543
.9863999 .7698655
.9021745 .8033605
.6289288 .4842800
.2826876 .1993272
.2219038 .2740667
.5399511 .4153157
.2148205 .4556656
.5099544 .2482774
.0230043 .6710118
.8350190 .3695774
.1013674 .3240504
.0659414 .5240910
.1461109 .3332689
.6517159 .8053551
.8519715 .9489166
.7783512 .3736172
.6083168 .0485772
.9982873 .2095312
.2179698 .8273994
.0140576 .6398819
.7344990 .4091059
.3792663 .0463537
.5907511 .8279316
.4793339 .4247865
.2750404 .2144045
.8639530 .7888514
.0305354 .9414240
.4204437 .7344230
.7244223 .9709300
.2873741 .1623951
.6602713 .6426334
.7835565 .9990743
.3810924 .5593167
.6290105 .9928625
.3107565 .8801509
.7093530 .9794929
.4741704 .0038395
.6184894 .5088924
.7757478 .0142240
.9290935 .9655890
.8427086 .0167972
.9963389 .2797483
.8834818 .1974082
.1953266 .4431845
.1883817 .6038288
.6118133 .1773395
.8136820 .7438236
.8218248 .5490255
.8326360 .5044535
.6687024 .8329830
.6867867 .9585749
.7237376 .6537739
.1944840 .6054086
.9339428 .0165163
.4247878 .6996736
.0403593 .3072307
.8652885 .7026388
.6027588 .1974057
.2307246 .6205817
.4893152 .5495764
.1920338 .1010731
.7679628 .2545253
.7565372 .5922795
.0423766 .2369431
.6907401 .5296068
.0699541 .8833116
.1266354 .2295392
.3295209 .5491640
.3968323 .7119862
.1078610 .7060323
.4572000 .7468680
.3692583 .2420814
.4194311 .6725749
.5711758 .4229366
.3588854 .5453676
.7896548 .4763183
.5016907 .4692648
.8051397 .5490878
.1332526 .9825333
.6458860 .1989569
.2994625 .5340704
.6520417 .3637088
.9709139 .7028039
.2565636 .0740954
.3757222 .1652326
.9144993 .6559028
.4320312 .7074484
.1724802 .8527841
.5683529 .9529349
.6656981 .6826430
.8374616 .0181610
.4578288 .8423775
.4240328 .0340185
.8854704 .4619556
.9215041 .3395156
.9053547 .7798660
.8011334 .0593623
.5300031 .1062528
.1948553 .5512127
.6233074 .9332847
.5296888 .6208773
.1468668 .3578028
.9390378 .1618312
.6234634 .6498275
.1766554 .6233442
.5259691 .8203550
.6012243 .0315823
.6059013 .8388243
.4998340 .6996048
.6309366 .5879708
.5810323 .7223401
.0776111 .0222734
.0839866 .2558995
.1843406 .0541414
.9985241 .7590072
.2584307 .6051503
.9378327 .0974244
.7840851 .6413027
.0053013 .8870546
.9192071 .9122445
.4907693 .8224615
.3071817 .0228942
.5482405 .0868551
.3634851 .3078106
.4633125 .2867191
.6110456 .1171341
.2180704 .6562126
.2054340 .3588477
.4954170 .4277983
.1713480 .7137176
.9126516 .0982684
.4131288 .5223541
.2019834 .6029841
.2993716 .0516758
.5174703 .8527504
.2777075 .2314355
.4850238 .3318415
.9607184 .9986632
.6535205 .0843089
.5353342 .5246752
.4671064 .9483753
.9711269 .6889747
.7653985 .7924651
.8103023 .5077082
.3208619 .1557983
.4740622 .5596218
.4200953 .4334814
.8640190 .9554689
.5544877 .8402284
.1086478 .6808312
.6596259 .0452409
.8260192 .2581165
.9733413 .7379215
.1554153 .1093591
.5982905 .5420072
.6495617 .6831727
.5728740 .6639239
.2012526 .7000459
.1780218 .3967153
.4757682 .5709360
.0283084 .9983128
.4938411 .3930676
.0929246 .3542262
.4066709 .5997698
.2316222 .9894724
.1597731 .4513713
.3667735 .1197599
.3789421 .6523925
.4865563 .1721345
.8394522 .4548124
.9148901 .1425003
.3964827 .0838283
.5075200 .8111960
.0457836 .0645446
.6444749 .6651502
.3214569 .3362095
.2784245 .7706037
.6825654 .6532434
.2451298 .1359932
.7397619 .8651519
.1126318 .5698802
.6624025 .8537742
.7939590 .8808002
.1083325 .2369557
.9153599 .6291458
.4428674 .9109509
.6472946 .6077033
.4580819 .0254172
.6850453 .8167715
.5535403 .4280571
.8137500 .8689360
.3676902 .7815654
.7003167 .4020805
.8154655 .6818385
.1009580 .0291230
.7398573 .8691717
.6243927 .3787960
.9584706 .1367014
.8010094 .5905846
.1030402 .3534087
.9188691 .8632159
.7206969 .1208885
.5272625 .9018993
.7281063 .3995690
.4940232 .8843731
.2685984 .8344286
.0378508 .3267516
.7907359 .7832843
.4329114 .3717261
.9045741 .9406949
.4788724 .8758727
.1268154 .1332144
.9117003 .5092004
.5332999 .9504308
.4528998 .1056632
.8194691 .4217125
.0988214 .8626872
.2367391 .4391392
.6661081 .7628668
.9227833 .9884975
.8506997 .8013843
.5617103 .8457587
.6299715 .2054482
.0686812 .0269012
.4319616 .7216460
.7528030 .1825834
.9911376 .0556058
.5198181 .9817858
.2731826 .4452910
.1673339 .4434138
.5357441 .8416344
.4227649 .7027604
.9393935 .9025970
.4879449 .8289560
.7620988 .5611331
.5821631 .4658548
.0177192 .8234934
.1023505 .1155213
.1382999 .1488335
.0179327 .1213418
.5426793 .6487432
.1486457 .5751050
.7590295 .7581076
.8840261 .6449293
.8628381 .2361887
.2284957 .8119580
.0884115 .5659921
.0186257 .2640756
.5126466 .1754141
.6694319 .7127944
.8234778 .4873517
.4620869 .1007111
.6884751 .6374617
.4713866 .4148100
.6354466 .7345806
.7203392 .9161828
.3379917 .6745180
.7015039 .7777173
.6436702 .5850260
.3678590 .0637679
.6571987 .7477688
.1051715 .3030354
.9497673 .0190974
.7757387 .1486347
.9495947 .9999016
.0801242 .7759019
.4071110 .0678061
.3167792 .1646589
.3370851 .4020175
.9143754 .1117078
.0234985 .7592623
.3409419 .0220377
.7224234 .3929932
.3176402 .9718856
.9924879 .4794365
.5309008 .3991712
.6881184 .9926170
.7798189 .6702140
.3215398 .3632746
.9388421 .7468159
.6768996 .6081040
.1690170 .7230311
.3727602 .0080366
.0720657 .0420429
.8339922 .8668743
.2354836 .1037826
.3546976 .3515104
.8363476 .5340678
.3016034 .7967631
.3167550 .8443600
.9013022 .9835330
.9624298 .2435474
.5411855 .5381106
.5432002 .0827165
.3468107 .4600340
.7324114 .3714722
.4191902 .5104596
.2220665 .9882793
.1529800 .3645943
.3892166 .0433140
.3271900 .5698743
.8320336 .2037071
.1677448 .9132997
.5537281 .9586176
.5173964 .1811692
.1891885 .5235757
.9920335 .8244429
.2905746 .5357601
.1197616 .9926240
.8492408 .4876021
.7041320 .9754173
.1549707 .0361300
.9670065 .4390377
.6897040 .3980518
.5386407 .0449184
.6194134 .9215093
.3890735 .1122573
.8696750 .9780041
.8397283 .8893573
.7204442 .3429757
.5486600 .6265992
.9937485 .4691804
.7060385 .8281679
.5820933 .1791708
.6746439 .5698606
.3105130 .4250744
.2172666 .3134705
.6640296 .4363117
.7103692 .8689009
.1549762 .7871512
.9800753 .6353391
.1488427 .0918560
.4289145 .5120540
.5981795 .0389163
.9536775 .3646969
.8242946 .6082607
.9776266 .0589125
.3961616 .3146850
.1130698 .1616490
.1327799 .3628053
.0993539 .7313081
.8343437 .2969142
.4805552 .3778396
.7516445 .1339845
.9379739 .1175926
.9423094 .5679909
.4038522 .5572059
.1344132 .5545017
.3709622 .6356047
.8078628 .7894019
.6817419 .4902776
.8843899 .0854316
.2219099 .8879895
.3481511 .6632402
.2358611 .9029573
.6484938 .5856460
.4910501 .9068200
.8995484 .0880368
.4999069 .1614930
.4106051 .9451332
.9020106 .0227490
.3668993 .2529342
.5451729 .5511403
.6300987 .5203680
.5981689 .7072025
.4266298 .6212540
.1839944 .7367884
.6126520 .2544237
.7321373 .2244066
.4071388 .8365379
.8903370 .9396091
.8168154 .3840489
.9770661 .2933216
.9737894 .5411749
.3494158 .1645676
.4912461 .5304591
.6486079 .1978367
.6247256 .9297581
.7958938 .4894138
.1039063 .7401305
.1615406 .8968624
.2576459 .5663466
.0228605 .9765572
.4659375 .6864097
.9552060 .6742361
.6965722 .5768375
.0414480 .1950068
.2693262 .7622855
.8070741 .7316408
.0715591 .7846860
.8436018 .6403410
.9488836 .1892023
.6139024 .8660149
.3231917 .6902423
.5681745 .5164508
.3454684 .5363235
.2551124 .9862145
.8576326 .4010041
.5931714 .3935852
.5887873 .1891848
.0631653 .7119709
.5068770 .7021172
.6746305 .1830039
.9345142 .3262097
.7108724 .6614645
.4527884 .4134851
.2252775 .6693276
.9818766 .8560908
.9857329 .2721224
.6523895 .0118827
.1737496 .5174565
.7642611 .5385688
.9565492 .1125226
.5557888 .2034964
.5678432 .2217060
.6468002 .1556777
.4477236 .6315741
.5370334 .7143504
.1828918 .8905954
.7813043 .1200503
.5217988 .1544194
.4620804 .0231024
.8690385 .0615011
.0603137 .3014133
.8309599 .6727906
.1969885 .0927306
.2188263 .9151698
.0784468 .1219308
.2333713 .5908279
.6133361 .3646596
.3591808 .3108694
.5506323 .1155866
.9803796 .0756542
.7767791 .3609074
.2695199 .9887337
.9532133 .1663271
.0657688 .0252782
.5085683 .1968658
.0003805 .0866401
.8453243 .5342175
.9884100 .9046801
.3887513 .1393566
.5146073 .7947413
.3943419 .5483958
.2148050 .8142173
.5236904 .0516403
.5958056 .5215512
.0706206 .4901397
.0381799 .1427648
.0294362 .1490812
.3664185 .3712685
.2931302 .7088938
.3159385 .0212904
.1863994 .9462084
.4304399 .0328008
.9990154 .4086335
.7274449 .5308433
.5996723 .6079393
.5034375 .3567364
.6765093 .8114763
.7292582 .2322171
.4532571 .1247665
.6152106 .9472871
.3420325 .5499810
.2951002 .0728290
.0753630 .8137393
.5680673 .0220125
.2587217 .1591045
.8129927 .0896388
.5358428 .6041016
.3063603 .5929132
.8850332 .4333217
.1721562 .5652119
.8757433 .3984789
.2005772 .6982629
.6084770 .1839409
.1074209 .4073117
.8228528 .5075420
.9719379 .9653316
.2609395 .5761808
.2790525 .5106899
.4760318 .7380999
.0811064 .2099320
.2284622 .7451056
.3510578 .7230203
.4450234 .1716120
.8772835 .0795026
.1597491 .7840466
.4911843 .7752087
.3113423 .0021368
.6515991 .9222240
.8440799 .4686685
.2509907 .1495870
.0297502 .0097672
.9613830 .1154427
.7707161 .2243720
.6945169 .3477847
.0187302 .3276331
.1895467 .0124617
.1982895 .8642533
.9292405 .3833518
.1922800 .1175847
.2759661 .4675368
.2540720 .5193744
.8531630 .5624856
.0642486 .6016989
.9054110 .5746966
.6494283 .9526277
.9670238 .7294987
.3103499 .6037837
.1592237 .8067906
.0391642 .0920101
.5107981 .1419450
.8018891 .3370877
.7356046 .1669461
.8688845 .1386549
.9687901 .0036015
.1291488 .6314506
.3160201 .2653972
.7458841 .9994967
.1477887 .4217850
.0112826 .1251644
.5029029 .4104335
.9355003 .0639815
.5679100 .1687664
.7434758 .1538447
.9764732 .8529924
.5262620 .4887599
.8159078 .1153215
.9610344 .1506421
.1161622 .2502038
.1235769 .1738365
.7958873 .5677448
.5039717 .3291588
.3047797 .2139759
.6231029 .5081786
.4725148 .9779282
.0445699 .2524602
.4812201 .4864922
.6813596 .7323169
.7369737 .6093918
.3942963 .5986099
.2301593 .8352707
.9425379 .4100051
.4360712 .7304336
.0353641 .0151812
.7948520 .1862190
.8968751 .0205345
.3900567 .7688455
.4261299 .4122347
.8717923 .8138974
.4373674 .0778319
.3848711 .6009265
.0084315 .3752793
.8936599 .5839871
.7479984 .4519991
.6596995 .7608023
.5988699 .5867659
.7296279 .2937382
.0980695 .7134850
.3208586 .8443444
.9749506 .2266971
.3297670 .0819560
.4336222 .3396128
.3982053 .7452619
.9709019 .2799624
.8129346 .6808648
.3483500 .5177134
.9204082 .5992197
.2768980 .5100446
.8451947 .9579679
.0828053 .0486510
.4205825 .4251196
.3893162 .5657710
.8784717 .7468066
.6421080 .4990547
.6939429 .4409605
.7885678 .2698159
.9167957 .3913005
.9387751 .2701046
.4142853 .8949775
.4249475 .5946920
.9501538 .7291322
.0586927 .6452481
.3762663 .9910375
.9718498 .1639983
.0436192 .4154223
.3146576 .1487581
.6656041 .1005531
.0596119 .3237256
.2920843 .5387212
.6933265 .6915713
.9694808 .9414566
.8321435 .9104492
.4485820 .4071243
.6178112 .0003797
.5245823 .7680574
.6724156 .8002729
.0068340 .1831005
.6395686 .7204773
.8603703 .8538872
.8217811 .1544154
.8663226 .7214039
.7396395 .3523974
.5303325 .6629190
.8720115 .9843672
.4308382 .5152195
.3606948 .8269040
.4341198 .0928257
.7378360 .2415701
.0891102 .0814760
.1077572 .0424363
.1186287 .0372292
.7216779 .0936106
.4987875 .4170400
.2468687 .0836325
.6062486 .2521660
.6611900 .3809425
.9426868 .3332854
.6973847 .1090924
.8336484 .1252829
.9040937 .4551903
.2488890 .5273159
.1549781 .0410703
.6946305 .4345536
.9837366 .6821147
.3639149 .1738968
.2988457 .2093179
.9657410 .5465892
.3726873 .8493502
.6408705 .6229365
.7280133 .9958325
.0534778 .7428981
.5705929 .5510617
.2521079 .4631363
.3380443 .2967924
.5370954 .4757293
.0364315 .3286921
.8586041 .7632105
.2908608 .2624968
.8911626 .3434185
.1041969 .9290084
.7659159 .7278602
.5467945 .2956557
.5571838 .4384333
.0249613 .4976831
.2692247 .3064630
.1193884 .6829078
.6937516 .4595972
.6571644 .8586797
.7376444 .4682256
.7798794 .5039768
.4698557 .5932545
.0808887 .2367419
.2106164 .9083235
.8796959 .6074047
.6761276 .6564165
.5407807 .8623176
.8768784 .8753379
.2757124 .4613348
.7139572 .3582131
.6261902 .8552805
.7791438 .6110767
.0344073 .5823481
.6825755 .7742540
.4760018 .6158415
.4352893 .5696504
.6574789 .0148850
.3193507 .2417858
.0495407 .6580766
.7895026 .1334544
.0128788 .9783205
.9587049 .8718107
.1338410 .4035257
.0044977 .9694904
.9716293 .3182873
.4602103 .7376168
.7614708 .9093503
.0785639 .4702404
.9421973 .7933758
.2165860 .5374479
.0920146 .8375693
.1188679 .8990882
.0606025 .4978705
.8874667 .1423241
.5642203 .1789211
.3250876 .9110660
.7358463 .8657121
.4149740 .9283063
.2547226 .3269345
.3351094 .0454819
.5666515 .7204081
.1622789 .1557758
.8831646 .0548201
.5571804 .5877691
.3369110 .7301442
.6764951 .8965848
.7824395 .7798262
.4605597 .8736751
.8636482 .3968805
.6124050 .1232135
.4066884 .2067326
.5193725 .6596936
.9127008 .3527491
.7636716 .5623506
.5785890 .0241907
.6020241 .6094211
.2137419 .2565980
.9333491 .7785951
.6813812 .7846449
.0711889 .2463022
.7976626 .9780608
.5356593 .6922593
.3799796 .4306054
.7070465 .8990088
.4457452 .0260607
.3561582 .3485341
.2094304 .1370717
.7890891 .2164795
.9814593 .3231889
.8075729 .2435573
.4978742 .2219374
.2694876 .7554265
.4521253 .4469298
.3037450 .8762095
.5950867 .8332392
.9436517 .9438995
.9390903 .3532356
.0342742 .4327420
.2565696 .9541438
.8712842 .4002763
.8014717 .3674844
.4576102 .6246210
.2870767 .9735967
.0238778 .1378318
.5999273 .8723872
.2404986 .6882567
.1763607 .6525900
.2322656 .6108169
.7633189 .6419408
.1568417 .4185652
.4638374 .7730352
.9804886 .8587633
.2525417 .1650540
.6191937 .8465918
.9477650 .0882608
.4399010 .1815070
.0421974 .5720070
.0512621 .7847076
.6084487 .4011842
.3600919 .8282086
.1821977 .9214339
.2199469 .9511706
.2438809 .6782382
.0308541 .1094268
.5177874 .6250496
.9306038 .7491250
.3201376 .0641651
.5020932 .1420851
.8378862 .6818754
.1493745 .0133929
.4177568 .4948226
.5962193 .1129506
.2880518 .1632459
.6515826 .1516942
.9092298 .3121740
.9702259 .4970275
.3257752 .0344138
.7053503 .0952117
.1316443 .8676716
.5823139 .0930468
.3122229 .9180983
.0847482 .3367002
.3224236 .5572690
.3905746 .0390170
.0259509 .7998565
.8669454 .0726178
.9650114 .0633306
.9589032 .1465799
.9505166 .9446845
.0029838 .0790416
.9452611 .7857392
.8679695 .9436995
.1293250 .4387922
.5619573 .4394086
.0481903 .5265319
.4267307 .7409891
.6974509 .7900192
.8335322 .6054058
.8286717 .4494270
.1526230 .8377686
.8915827 .9148990
.1339012 .5106139
.7685351 .1676355
.8362312 .6597191
.4056433 .6099021
.1954215 .5697899
.8864625 .5203816
.7288864 .1707881
.4010471 .2489259
.4303394 .3849558
.5959645 .1805886
.4893001 .3277778
.2969602 .9686270
.1441666 .8427424
.6106318 .6932173
.9980010 .6468287
.6573344 .9977236
.9344229 .0257162
.0747636 .8757762
.9959938 .1267961
.0578965 .0559279
.0456210 .9737013
.8513785 .7195516
.7267175 .8252940
