250
.6630978 .7893098
.2797855 .5507806
.0986659 .7375180
.5836690 .3321734
.7864710 .8257235
.2473134 .0457932
.9803428 .0021350
.5090611 .9361467
.9681301 .5814093
.0465661 .8543610
.4274253 .5755112
.8550737 .7110193
.2061500 .5100040
.8359346 .1652748
.2567405 .4558516
.9029876 .9271210
.3806668 .8359865
.1352872 .1106827
.1265586 .3323345
.8219278 .6078418
.3529481 .4734585
.5998343 .0979494
.0257415 .2137699
.9072537 .6528374
.8686369 .4481479
.4807043 .4563541
.3069928 .8040743
.6152179 .3912458
.2147523 .5178262
.5782594 .5479188
.4501232 .4701397
.2956270 .4114735
.8964389 .7058619
.7793389 .8549402
.2451491 .6047115
.4968936 .3148899
.2908631 .3571613
.9297725 .7950798
.9639519 .0189178
.0655258 .7165500
.3020580 .0952831
.8286624 .1281477
.3431285 .7061256
.9847566 .3668473
.4819294 .7040406
.5410893 .8069976
.8295708 .9008284
.9946708 .6937779
.8990368 .4764382
.0110550 .9882307
.5442205 .8133052
.5088446 .3662821
.2281737 .9683215
.1166279 .6566882
.7983470 .7528160
.1901691 .6549066
.1001745 .3636483
.8444158 .9309929
.7506083 .5591375
.7711837 .4168145
.6927839 .8028225
.1706474 .6056828
.9220544 .3442660
.3019043 .4579505
.8598295 .0450620
.5212972 .8487588
.7901468 .5031534
.9807851 .8259506
.7873456 .7303031
.3438484 .2117514
.5617653 .7843676
.0721090 .2631657
.2317009 .2756761
.3584409 .2226926
.4790876 .9186026
.1357613 .5999513
.8361912 .0861177
.4663118 .8206592
.6411274 .8849950
.8929926 .2941551
.8389628 .2782160
.0785880 .7538365
.3276263 .3522335
.5244362 .6235167
.6765388 .5109176
.7886501 .8013313
.1909005 .1634802
.0443023 .2134749
.5536278 .7862536
.8464406 .2922451
.4351473 .9411535
.6173239 .6336584
.9912986 .2277778
.8032473 .8838002
.2316276 .9696540
.2826897 .7221179
.6820140 .8639361
.9806482 .9235903
.1220402 .4711445
.5218525 .0971378
.6714190 .3381220
.0774609 .9593122
.0413164 .2215296
.4547594 .9922491
.9531897 .2367012
.2636948 .0726124
.8449645 .1608078
.1717064 .1008427
.0046496 .3708214
.5206624 .7019667
.8550046 .2340035
.8056743 .5425680
.6072728 .8673535
.7715607 .4827912
.9424356 .1559151
.4226630 .3644789
.4875945 .3188426
.5069902 .3712632
.0430864 .1249491
.6551922 .1656731
.8804577 .5118775
.1450360 .9316137
.7576085 .7183385
.2267984 .4849514
.0579323 .3978194
.2756909 .1549327
.8152719 .2830778
.1130094 .5168031
.1836463 .9893616
.2245579 .5408114
.6851341 .0939363
.0569374 .5218093
.5436771 .7609229
.0309231 .4114256
.4970582 .3819430
.5052859 .9733301
.2715573 .9004087
.9704500 .5409444
.6889617 .0437688
.7532227 .0331312
.1263543 .4044060
.1628991 .1714346
.4255837 .4244611
.1842271 .3743798
.6991892 .5284080
.5904353 .3497053
.8379653 .0230188
.9636775 .6712243
.6149693 .4981967
.0122398 .2578247
.5117434 .3023256
.3925972 .2499538
.8625113 .6580431
.7963014 .8233193
.4062655 .9919925
.3506388 .4475128
.3276408 .3759145
.5994173 .3833465
.5154377 .3546888
.8550390 .1489287
.9202592 .0454115
.1115894 .5404151
.0851252 .8435757
.7349330 .7759918
.3777756 .4186868
.7411600 .5855079
.0808321 .4104852
.7680760 .6753070
.8937074 .2741305
.1521843 .9777411
.8532912 .4315191
.3496721 .4046194
.1616594 .0671378
.9756966 .3579793
.5785014 .7987740
.8606706 .8420954
.2412971 .7318041
.8016806 .4371025
.0526593 .1839302
.3755431 .3440242
.8443386 .1959276
.7187120 .8379063
.8013328 .8114727
.1972136 .3521843
.2049910 .4412268
.2033977 .5828942
.2161357 .2863437
.9294672 .9029015
.6406685 .0852142
.0718913 .4085062
.5610650 .1028590
.3948217 .4156055
.2252325 .4806980
.4909216 .4496043
.1945713 .4187482
.6785025 .9394748
.6884013 .2234142
.7059273 .0763224
.2323366 .5102154
.9268147 .7125401
.7213831 .7278234
.1790462 .7786632
.1296428 .0309423
.2508666 .4383959
.3101919 .1756383
.2398650 .9825121
.2911184 .7799912
.1842513 .1114552
.5345134 .6611775
.1369904 .5440136
.8195565 .1405958
.6159526 .5224598
.4613929 .7521747
.5386598 .4075422
.8944072 .6838566
.9673949 .7517413
.3294229 .9542020
.0657656 .5257763
.0244489 .6383917
.6052147 .0085096
.1605173 .7113968
.3508229 .6286685
.5480529 .0090251
.0789873 .1002268
.2527622 .5957161
.4015682 .7913860
.2583600 .0846221
.7457978 .6169046
.6992407 .2314692
.7080302 .9895728
.9095957 .9072183
.6912032 .5909454
.1441357 .2714133
.5670733 .9435739
.6146537 .9816150
.5787864 .9439294
.4288207 .3852287
.5085685 .5415335
.7729888 .0866480
.1581618 .4575290
.5970554 .7407186
.4925027 .9945701
.1717603 .5063664
.6339469 .3065158
.9198066 .8526126
.7064952 .6155043
.2820797 .3313911
.9458697 .3676037
.1666256 .9433827
.3283443 .7259023
