30
.1309297 .3734996
.7326305 .7645846
.9714798 .9373582
.8688689 .7348699
.6196351 .3826699
.1247828 .3620257
.6355071 .3544709
.5136930 .3289539
.0776696 .1203439
.6384914 .4383277
.3461955 .7024187
.9624618 .9348093
.7124201 .1628669
.0634766 .0001494
.7531532 .7886856
.6664783 .6763091
.0640607 .1691993
.0544683 .0410363
.9096668 .3055410
.2896631 .7735134
.2235462 .6111702
.6004401 .0743109
.6369380 .0695506
.5601000 .9509502
.7098820 .4602022
.7417124 .7924469
.6761954 .4357573
.0083045 .5152884
.8898468 .7561655
.3057961 .8889377
