60
.0329747 .3082189
.3006632 .3079871
.7592883 .8212142
.5875513 .1068704
.8254907 .0689960
.4492529 .0947343
.8768608 .0458463
.2184433 .8943470
.5742224 .2515738
.6532522 .5454378
.3935268 .3857937
.5198229 .0207666
.9537798 .7525847
.9146150 .6108878
.5146530 .5045270
.9334044 .6995064
.3927954 .7077403
.7569572 .3482468
.5370930 .1244154
.9078241 .6020424
.1005462 .1372352
.7800007 .1587322
.9602234 .3693145
.1822575 .6008437
.8645457 .7096087
.3831488 .2834961
.0141274 .5004521
.0049768 .6668894
.8811893 .8817543
.2767254 .7694953
.1033415 .4536954
.0010827 .8308629
.1979462 .6922997
.6845618 .4804237
.1684821 .5433094
.3762991 .9178649
.0369937 .3801090
.8017766 .9660630
.8469788 .5293528
.4913770 .4412629
.3365983 .7691924
.1067452 .1166860
.5680472 .9528832
.5643105 .5920813
.2879541 .0058380
.5364164 .5174307
.3459367 .2251805
.3552219 .6861119
.4615930 .7533130
.3192863 .2808424
.0394002 .4142233
.1614314 .7317105
.3088916 .3440118
.4204973 .8740639
.2242349 .0036888
.2978828 .9570245
.3906010 .6584604
.0886866 .0704348
.5796515 .1067755
.4607508 .1861769
