250
.3919469 .4055065
.2457106 .2625027
.4171081 .2736944
.4561557 .6897982
.5890468 .3522899
.6891329 .8382578
.6315439 .8367422
.9156850 .0847677
.1400398 .3458763
.2980055 .5305524
.1124315 .9019380
.6164453 .2944538
.8663603 .4234995
.3993503 .4021271
.4220550 .4456015
.2692816 .7677007
.7086203 .4703085
.3779517 .7768594
.5163746 .6761211
.5660181 .0686371
.0035957 .7897198
.3066200 .9845019
.4954945 .2990786
.0146334 .4520968
.6965500 .8513688
.5559494 .3793031
.3721716 .0580571
.5890751 .4716505
.8271515 .8864637
.7189005 .2095390
.5891983 .6525750
.5309955 .9257917
.7561483 .0823696
.7831881 .8407626
.3329017 .1541151
.9258432 .8111000
.1038685 .0852873
.4571166 .6363597
.3814053 .9357545
.3359053 .1894856
.2505229 .3519202
.9021561 .4747820
.2927085 .9004268
.8080475 .9899009
.5021919 .5980522
.8482136 .4336074
.1790430 .4373843
.9840587 .7531873
.6552833 .1739954
.1652067 .5963624
.1303720 .0559553
.8266602 .1920035
.6961569 .6538931
.4372043 .2388181
.5413053 .0402253
.6343992 .1760666
.7515155 .2578963
.9330558 .8272562
.1621090 .7378005
.5537986 .3662154
.1590700 .9332658
.5900858 .3119815
.6358947 .2403454
.7072949 .2090891
.6568905 .0024782
.2250867 .1251376
.6004781 .2331147
.3406498 .3674936
.1937638 .2434499
.1595008 .0926657
.1248074 .6852328
.0536786 .8998104
.7417829 .0990221
.7933357 .1460258
.3162617 .8220060
.2132946 .6150835
.7462987 .4198815
.3850170 .2700821
.3765328 .4650817
.0580249 .0187023
.4772746 .7271229
.3920350 .5493351
.2002029 .3458019
.7883078 .1268771
.5499863 .4376911
.1999016 .4754643
.8015450 .3916283
.0970416 .1663881
.2619178 .8279705
.9145871 .8549265
.4214700 .2550497
.1300078 .7893681
.1466113 .7178219
.1162647 .7061363
.1079599 .4989096
.7759478 .9211606
.2741328 .9393986
.0698458 .4615363
.8797249 .8716283
.4712327 .7225773
.3317241 .6121026
.8604462 .5906457
.2742336 .0003211
.3642154 .3861585
.3971156 .0770759
.2695785 .4359575
.1476699 .5993462
.7195164 .5993234
.5708822 .0516507
.9305229 .6043360
.0357760 .9363493
.8526483 .4955759
.2631308 .1462151
.3989858 .6823468
.2009482 .8174005
.6705393 .7782152
.9337128 .3429809
.2478089 .3447333
.6823571 .7473516
.0536750 .4392802
.4640634 .3681737
.1421523 .1010348
.2322726 .1910729
.8507309 .1097387
.0926731 .0961929
.0742256 .9761227
.9631770 .0057609
.1667282 .5652130
.9751059 .2063239
.5343040 .3462123
.8466581 .1340366
.9108963 .2748156
.9333826 .2696154
.3674154 .9526888
.8964794 .5420893
.2305882 .1189492
.8384551 .2755635
.4127477 .7918688
.9346325 .1566494
.4927443 .5152070
.3234034 .3152794
.7454754 .1295963
.2805791 .1991047
.8845635 .1797896
.1538937 .7198452
.4383667 .3153585
.5203012 .8346086
.4901898 .6151381
.5863415 .4095964
.2331838 .3713839
.7031813 .4485567
.8603846 .1527612
.4231311 .5420984
.3595482 .5079673
.8811399 .1323418
.6273075 .9935185
.2281467 .7536176
.9615974 .7670493
.8458675 .1048269
.6266860 .1759012
.2947802 .3709184
.1904175 .9218574
.2363910 .8155092
.2748108 .7661333
.4624837 .9272473
.9928909 .5611969
.8806214 .3698768
.6079502 .8021987
.7568426 .1483985
.9752538 .9627635
.3009386 .6869925
.4269304 .6371793
.0820513 .2817865
.4423179 .9106264
.7552711 .4438708
.3997904 .3155704
.8235794 .2234792
.8109624 .0378167
.0015374 .3807443
.7605692 .4795234
.2227231 .3551823
.0691634 .5757346
.1647229 .9358469
.4024462 .0402435
.7636416 .3351903
.7994788 .5678690
.6522690 .4478747
.6986070 .4630546
.5673862 .2943564
.5085680 .6561079
.0048606 .3088122
.2943660 .0029224
.9163349 .9701606
.6019794 .4736961
.8861029 .4693490
.3992310 .5905088
.5363515 .2689894
.3160942 .4796785
.1059854 .5936365
.7677539 .3071137
.1428951 .5787701
.2667738 .7454513
.6394355 .9296715
.5931662 .5001376
.0112119 .8611347
.9969127 .7548198
.0426732 .6061202
.9479533 .5789841
.9596473 .1343195
.0027537 .7047470
.4864823 .5859306
.1906817 .3945990
.1390223 .4150376
.1914832 .0947571
.8169210 .9016107
.9185439 .8441265
.3999254 .5195929
.5702736 .5687375
.6203995 .0665809
.5802473 .9554430
.7636767 .3315351
.1896037 .0236672
.2114614 .7015429
.7740264 .1946096
.6516264 .2251876
.9613378 .9255788
.7780081 .4343352
.5407148 .1025684
.0313585 .2914096
.9447042 .5738422
.6101160 .0262784
.6219702 .6056852
.5172741 .8439866
.0409694 .7306413
.4049973 .4475448
.6889009 .4580252
.7169369 .3920737
.7602593 .5832938
.0820670 .2686183
.9564992 .2615293
.7434682 .8461485
.8216359 .4328483
.3584809 .2544394
.3844442 .3735376
.8181865 .1819596
.8201955 .8031707
.5269175 .4423655
.8249898 .7493913
.2665922 .1189905
.0426064 .8405168
