90
.3107517 .3287108
.8181019 .3620941
.8886111 .1346344
.7773762 .1098492
.8536184 .0294228
.6542089 .9914234
.5942253 .5948615
.1203563 .9004490
.8895768 .9468158
.2359626 .0433264
.2700653 .1511060
.8555734 .9383830
.2960558 .1219780
.7724083 .1592026
.8318811 .2958397
.3801754 .2491414
.7992015 .8705677
.6870270 .0533371
.4265551 .7965180
.5976896 .2777045
.0180433 .6751773
.5537666 .1610245
.7787597 .3784492
.1426158 .4433080
.9804346 .0966669
.5934419 .9756781
.1379920 .6448359
.8042413 .9261009
.9939481 .6301279
.5013748 .1109325
.7579910 .3725365
.3287556 .9814700
.6963087 .5756669
.2873076 .6120338
.9694504 .4041293
.3763985 .0035910
.4263574 .0137308
.0937739 .4040893
.4108480 .3138913
.3830309 .3605442
.7479422 .8692274
.6192711 .0030310
.8611146 .8573335
.4231738 .6991136
.0255395 .8182241
.8077328 .7284306
.3717767 .9209706
.8942188 .9681736
.3918179 .4355414
.8759569 .6455803
.0251099 .2710283
.9391676 .8353428
.2637579 .5010875
.5358008 .3275399
.6487473 .8568271
.9979148 .4723715
.7553523 .7773113
.4281108 .2661277
.1960942 .7566104
.7247463 .8605057
.9013145 .8396837
.3205112 .3741185
.2558044 .0606176
.7323789 .8178559
.5476307 .6866480
.5313315 .5091876
.2824840 .0682321
.2205259 .8765768
.0811960 .8750099
.3271100 .3134269
.6446881 .1330670
.5196267 .9384480
.8621836 .8212706
.7012653 .9005353
.4651902 .3218832
.9280382 .3132245
.2891988 .6789374
.9766851 .0360711
.4824027 .7602620
.9436385 .2949100
.8686793 .8463776
.0851383 .4444318
.7907387 .1199911
.0884526 .8568840
.4764074 .6793107
.1615704 .7395103
.3216082 .1601497
.9975635 .3475977
.1904068 .3765690
.2515019 .2142574
