500
.2554908 .2161539
.6643801 .6546883
.0384555 .8114964
.2904999 .5319065
.6611993 .3416676
.0669221 .1437937
.0156494 .6219213
.5272527 .8491466
.3388411 .2121065
.8881388 .3530953
.8565030 .9189033
.9960348 .7975356
.8102070 .1222685
.1841627 .4778743
.2684232 .7880959
.1812565 .7527498
.2944416 .1048585
.9096172 .4858095
.0924797 .4059508
.4820673 .6249344
.0250365 .0873790
.0219833 .0540426
.9248437 .7156299
.3416116 .3528002
.6362546 .9937707
.4627400 .2147584
.6237580 .7033693
.0794134 .5866431
.8771648 .5914659
.1611527 .6202905
.0090479 .2888456
.9809662 .7310627
.8528710 .0290416
.1167397 .8270458
.1900825 .9251263
.7962635 .4439378
.3089281 .0291966
.9016032 .3608193
.4620095 .9608141
.7716568 .4889986
.1663410 .5963044
.5839680 .5643549
.5889858 .6490322
.6870902 .5151127
.5809515 .8673260
.1094267 .3412875
.5470378 .3949223
.0934104 .8861905
.2424217 .3793983
.5865459 .8988839
.4280887 .4153630
.0421133 .1113891
.4444320 .5469451
.7086467 .4552791
.2105977 .4416457
.0725402 .7260803
.6491144 .5356877
.7037255 .6151907
.4811603 .4278758
.0691954 .6498272
.8351505 .9904654
.7396402 .7313677
.9453286 .4349002
.8245112 .0983968
.8603695 .2183056
.6218414 .0573204
.6948127 .9415915
.7400453 .0526139
.3860868 .4477152
.9060855 .8601510
.7021341 .7923502
.0717490 .0876484
.6018310 .6796965
.2087230 .9005911
.8927056 .8217211
.4726023 .0421030
.0555132 .4155219
.5323095 .8006318
.3982199 .9040455
.3085686 .5570547
.3354979 .1908322
.8344464 .8074127
.2241356 .7581082
.3214771 .9409822
.1674421 .3651558
.8529114 .3253187
.5679535 .2937644
.6850968 .1172924
.6801759 .0104766
.3602981 .3265139
.4038854 .6195656
.3483248 .5869423
.1613013 .0120097
.5565364 .3634230
.7034211 .0374360
.7820640 .3894313
.5645962 .6388749
.2178271 .3949528
.7902074 .4324777
.8440246 .9712231
.3477137 .8618908
.5056742 .0015266
.8315576 .4230186
.4483399 .6714343
.9100742 .5902410
.9998597 .8022856
.3478178 .4680472
.0745402 .2104114
.9672547 .7682981
.5543591 .0010949
.8747223 .8362069
.8730889 .1175968
.6395845 .9184191
.9853526 .9762679
.5427743 .9225583
.2223380 .4608659
.8490639 .2350613
.3856445 .6922111
.3415987 .8563450
.0644186 .5403007
.8101278 .7300939
.0199579 .4494650
.2161150 .6750327
.1952362 .3851437
.9661844 .1987165
.2907281 .1029055
.8952900 .5469201
.9063987 .9434583
.6652621 .9199246
.1741771 .3661447
.4831306 .6066538
.9745608 .7798048
.1845067 .0249925
.8116026 .1834564
.3454879 .9250096
.9663231 .8970195
.4046768 .3619783
.6009774 .3888293
.7051476 .9663322
.1744834 .9739673
.5021902 .4537840
.1691064 .9850356
.6115882 .5940600
.2240914 .8619197
.4676816 .7918363
.0147462 .3638794
.5806957 .2667900
.4844153 .6079902
.0764385 .2269857
.3982506 .6520757
.2036287 .5243700
.8955850 .5748414
.1274864 .6137499
.2134578 .1054872
.4029348 .1955373
.6663332 .4016583
.3345034 .1335632
.1126951 .0877322
.7679245 .9656535
.5219113 .6021653
.1931481 .8672199
.0659292 .6574524
.5302169 .0251158
.7789123 .5212434
.4657925 .2062350
.8202512 .1518171
.2442753 .4760583
.4963933 .1724865
.6160577 .5873747
.3860373 .3921161
.1166584 .0069857
.3003398 .1548183
.5919548 .8041405
.7112841 .2505774
.1816204 .0520147
.2011774 .3970692
.7978432 .7935227
.1157755 .3058283
.1495960 .2334296
.8216863 .9051972
.9118201 .3158699
.8418906 .1776950
.7590158 .3432885
.9253358 .9876164
.3965647 .3402528
.2390221 .8703238
.8408031 .4518494
.9827079 .6098779
.1180671 .2172301
.6337278 .0658818
.0588079 .9376153
.7363379 .5807293
.4280740 .8654594
.8478969 .7993805
.4183413 .3158306
.3219554 .1973616
.3824950 .2181219
.6123665 .3084457
.1388809 .6992889
.4767654 .7784305
.4594161 .0696662
.7835811 .0901367
.3659207 .5573490
.7130650 .1892241
.2067731 .2329037
.3060454 .3102026
.4508498 .1460800
.0581479 .0141270
.6911468 .5610229
.2734742 .6984411
.1566455 .5644954
.0591059 .4573141
.4355445 .9086164
.2267010 .9271086
.1510772 .8488603
.2237909 .3533877
.7254410 .5003522
.9865648 .2076114
.5280198 .8490925
.9168590 .8454535
.7287580 .4454448
.8551468 .4539881
.8513860 .8383062
.9524740 .3389105
.8168667 .2806196
.9288888 .8499758
.3450871 .8885794
.7229028 .2650148
.7901040 .4437900
.5522793 .0197327
.3563455 .0030580
.6748934 .9890533
.4027011 .4752020
.6009501 .2405725
.0985807 .8265390
.2933806 .8737501
.6484278 .5123285
.3181829 .2493455
.9340041 .4637090
.4747225 .0593050
.7096614 .2893308
.8389801 .1823833
.0849579 .5162428
.2693245 .9472474
.2889979 .3714322
.3210120 .0522068
.6669444 .9069998
.4461678 .6760705
.2339273 .7490832
.7619091 .9024744
.3151948 .3915878
.1794109 .0523885
.9315014 .1863255
.1175214 .3959345
.4305356 .8645920
.3798932 .4521459
.8913298 .8622978
.2459267 .0784208
.1992151 .6498021
.7920228 .1321843
.2516443 .8643527
.4871239 .9252163
.0452584 .9207984
.9491887 .1932571
.6345804 .9857887
.3485039 .0143891
.0528293 .2302919
.4284935 .1113615
.8432288 .0507323
.8013472 .2849864
.1499767 .8336417
.5682582 .3050388
.3344166 .6332333
.1037538 .3262532
.4740583 .0740068
.9094076 .6320768
.2175856 .5571729
.8505666 .0073241
.3430318 .5536193
.0945016 .0098272
.7215386 .9581097
.1110055 .4951182
.6357169 .1476974
.8058324 .5291330
.6372337 .9577249
.0498881 .8214470
.1380340 .1245480
.5466656 .4826431
.1862113 .1460566
.3384648 .6486279
.5411320 .7174404
.6673574 .6540712
.0806440 .0862436
.9460567 .2461762
.2812263 .4508632
.0107392 .0157380
.2324084 .9510337
.5638387 .9294302
.2898705 .3558068
.8988141 .6575164
.6349815 .1698390
.9472655 .3242456
.9772955 .9157491
.9054680 .3210815
.3833716 .6096545
.8737978 .8101753
.4003524 .1670469
.9575537 .3391485
.6137011 .3326864
.1977392 .3578334
.5705052 .8344734
.7793627 .0801613
.3354614 .3680684
.6441509 .7144230
.2362228 .7146684
.5431553 .1746769
.6958716 .2045740
.5189697 .5046883
.2280267 .7273019
.8110767 .8504741
.1571733 .8557671
.4226082 .3028327
.5833597 .1357820
.4514415 .6291904
.3841037 .3685610
.3394751 .0942269
.1723415 .3963689
.1850279 .4380801
.3301957 .5406891
.1360068 .7840112
.4243907 .9265896
.7646753 .8662602
.0779559 .3821227
.5349607 .5229767
.0095914 .7908769
.5141398 .8455975
.4293834 .4999986
.0438747 .6093947
.9575951 .8833899
.0498138 .4621693
.0596941 .1061568
.1007546 .5887396
.7007510 .6450019
.4815764 .9050107
.2385224 .7409127
.8602073 .9115380
.9070654 .6834764
.2366934 .7346444
.6892806 .0762257
.5783938 .1228515
.7224973 .8728784
.8733464 .7046691
.0987601 .3059530
.4653318 .0451878
.1710034 .5903040
.8480218 .2954640
.1054651 .6504105
.1582357 .7799120
.9646513 .7050400
.1736518 .9198489
.2865773 .3969954
.6297346 .5905131
.8550268 .7672968
.2530514 .4363190
.7298551 .6681512
.3799700 .8443607
.9110673 .5506895
.8948550 .1562561
.2181759 .7524945
.1717263 .1778702
.7373595 .6846741
.6168097 .9573001
.8708402 .3544478
.3529064 .9132733
.6508445 .5701744
.8139410 .4158421
.2771573 .5122562
.9708205 .4934746
.2127830 .1036697
.2167610 .0473870
.7242438 .2037988
.4179118 .3147538
.2667353 .9420424
.2873475 .7943100
.0623674 .8041340
.2586992 .8253568
.7622210 .1225171
.7987750 .8263152
.0675793 .5782500
.1728737 .1212975
.1476263 .8090521
.8160403 .5196854
.8527819 .2870251
.6096418 .5089763
.9948352 .7685790
.6442765 .1571935
.9447844 .7539299
.7835636 .6174996
.7719668 .8875133
.0327074 .4413255
.0863086 .8845390
.0522924 .6318686
.3095051 .6209933
.0204529 .3392497
.6383088 .1504467
.5017760 .0814844
.5090188 .7243335
.2829469 .0787441
.6493797 .9437163
.7246389 .3567003
.2225675 .9482123
.6853919 .2900779
.2254306 .4775215
.3126175 .7394304
.9848052 .5861429
.9723243 .3396247
.7742106 .0531701
.4940809 .2221079
.4086912 .8448086
.1200268 .8267621
.0156765 .5332324
.6328215 .7525658
.5596294 .9648756
.8511746 .0163995
.3406000 .7550267
.9644602 .7806941
.5017610 .8519249
.1587635 .6552526
.1662197 .3882459
.9819635 .0960101
.4640426 .6841809
.4090219 .1707663
.3791453 .3850409
.2919292 .9335579
.7026473 .5457400
.6906632 .6773690
.7721323 .6904084
.5484512 .1888362
.1401337 .5910388
.5504953 .5155213
.5727494 .2752586
.2315319 .3207328
.2407339 .5783285
.1030577 .2248053
.7283656 .8240752
.5721656 .1347281
.3350156 .8169567
.7246120 .9030801
.5532941 .5536047
.8363735 .1269077
.7360827 .6552872
.1394711 .8295113
.6603336 .6585500
.4656271 .4326093
.4933844 .5931201
.6793055 .0300639
.7903532 .7747685
.2312520 .6618067
.5091060 .9345050
.8437228 .1398273
.2199763 .6200109
.5955621 .0166175
.9960260 .6038743
.0130731 .4673255
.8688227 .6167644
.8826284 .0746017
.8846252 .3304493
.2620877 .5917441
.0441750 .8212984
.6467451 .4847988
.7911443 .8629104
.6956169 .1247882
.9523418 .8775400
.7868095 .5617333
.5371884 .2083459
.5753872 .4446663
.6723971 .9839384
.4899911 .3758990
.9653872 .0965323
.7293545 .2604763
.2293795 .0060088
.9982186 .4275149
.9245229 .9526258
.3328879 .7910520
.7204440 .8867778
.4761733 .3536245
.8014449 .6183775
.1236732 .1431081
.1388626 .4018820
.9196291 .3568949
.8559980 .8940153
.4598811 .1493043
.6071779 .0756060
.0781412 .1577493
.8690948 .6799692
.3538043 .4776297
.1722198 .7186732
.7762359 .2597523
.2429715 .0796431
.7108194 .2492902
