1000
.7576751 .8926988
.3615226 .8193881
.0285214 .0121407
.3580377 .3089645
.3160579 .0555356
.0008539 .1858016
.2086856 .8588987
.9336603 .0003118
.9877763 .8720676
.1428213 .9714845
.0250769 .1129433
.9510153 .1192213
.7946214 .3997211
.7439278 .7625297
.5823491 .4303931
.3853103 .4680636
.6141001 .7412825
.2177449 .0988808
.1483514 .2495431
.0771138 .7350685
.4416501 .6442004
.9344514 .6855975
.4273304 .4497180
.8734823 .2914299
.1744329 .6960084
.5571065 .3780656
.1239389 .7775686
.7603019 .6333894
.8311363 .6977750
.7667828 .3834133
.2613057 .3356140
.4461718 .6713236
.0636203 .9420224
.8388374 .6086743
.8453329 .5098576
.4558136 .9936426
.1326472 .1410849
.8177588 .4495223
.9712871 .6703429
.7636448 .0340892
.2113441 .6464120
.6981824 .5516809
.3476617 .8105385
.3458140 .7468086
.9464508 .3688466
.0548233 .1903938
.4661919 .9984812
.7516481 .9443401
.6488142 .4544480
.9742316 .9016238
.2758095 .0946299
.8931219 .8794631
.3009938 .2899532
.9264322 .8619280
.2222335 .6484195
.7236128 .9526117
.7612522 .8065056
.3746661 .2522384
.8937960 .2175329
.3248635 .6023524
.1096086 .3198109
.4566082 .4540596
.2680097 .5609407
.1437275 .4872027
.0230404 .2894092
.9805910 .4148744
.6822921 .2387903
.7179333 .9928455
.3833242 .3992863
.2655212 .8828316
.1561633 .1092549
.2027550 .8995819
.0124129 .2565765
.0133318 .4490701
.5711448 .0444891
.3581363 .7206384
.4966548 .7746407
.4379688 .4493146
.4684901 .8948627
.3784692 .7727337
.5025612 .9513363
.2850680 .7646607
.8537862 .3126803
.0448870 .4660850
.8032426 .2728248
.1616326 .4247471
.4013689 .5036248
.1525849 .6018185
.4260323 .3677949
.7551806 .6547944
.8304038 .3061910
.0133399 .6405305
.8982290 .8065110
.0569845 .6212715
.9783891 .2064115
.0560575 .9565225
.5092916 .0836266
.6141860 .6192317
.2267439 .9772044
.1458269 .0180214
.8242286 .8432355
.1207186 .8076408
.4370502 .5887063
.2146269 .2344713
.3743280 .2991625
.3171346 .8373032
.4354258 .8679825
.1444760 .8877674
.5177831 .5730284
.2045833 .8292706
.3364087 .0935411
.5664801 .1150843
.9041736 .3171543
.9883458 .1499004
.6266409 .2921058
.3368866 .3367304
.7931672 .5089034
.9514891 .2920127
.9325476 .4621352
.9239079 .8232423
.6692159 .6975854
.6193564 .9098745
.7751103 .2806065
.7867372 .2717153
.1604241 .2545855
.1107669 .6690232
.3687425 .0566150
.0508318 .3121449
.2111748 .3219070
.4819575 .0602189
.6501790 .7773681
.3811989 .7903382
.7745041 .1738488
.1544508 .6901024
.2272007 .0491887
.9280731 .4747329
.9816216 .6010725
.1781933 .7994094
.8159181 .5681689
.5670306 .5102458
.8123816 .6958409
.1164623 .8728800
.9892469 .4621512
.3782434 .4930494
.7319130 .0617458
.7491980 .1932781
.6881131 .4277418
.4072314 .4659624
.5750261 .9907693
.5765695 .0552205
.9508317 .0430935
.2221273 .4349156
.1514171 .5450587
.2647464 .0927947
.6950110 .9692275
.6301243 .1827388
.6111009 .7503230
.7109965 .7882252
.1402370 .9596928
.1384354 .2072964
.5509047 .2522915
.3153916 .7171322
.5887032 .6803952
.3427461 .5367774
.1592663 .8072066
.3315585 .4492042
.7848538 .2984576
.3988011 .9757301
.3879821 .8718533
.8290656 .2613898
.9540167 .6310055
.0804203 .0112106
.2059605 .3281598
.8351973 .9339945
.8739072 .3518025
.6498966 .1591975
.4314394 .0219351
.6340182 .8883492
.9617917 .3356913
.8643845 .9572046
.4555344 .3148388
.9857917 .7879986
.3640042 .6778285
.9145425 .1098057
.3613905 .2432130
.1899684 .4636395
.4134179 .2567309
.9393519 .4695667
.5096151 .1469337
.4501192 .6353189
.5743775 .9171832
.9836878 .5866613
.6020784 .7759737
.9093440 .3936849
.1235057 .4310889
.8628773 .4862281
.5525720 .9018972
.0098418 .7653627
.3187031 .3513758
.3711326 .1333077
.1842222 .3560403
.4904842 .9258108
.6875676 .7060999
.6184063 .7209798
.8399631 .1856603
.3713936 .7362931
.3203640 .1869229
.0028708 .4681024
.4337793 .2638709
.6846791 .2698832
.6815838 .0681690
.4238798 .0388348
.2868329 .2087083
.4956429 .8547005
.4580368 .5496985
.8129268 .9969087
.2839994 .8612067
.9189239 .9008558
.3403281 .5488660
.9077716 .8833926
.4527399 .8418937
.3692047 .3908694
.3884751 .1738648
.4175615 .5574760
.0076443 .8496433
.1962590 .4016010
.7613284 .1927861
.3244314 .3655802
.2203880 .3863607
.1392792 .3890169
.0933659 .7697577
.0397216 .5048858
.1662483 .4855011
.6955744 .2053984
.6813363 .5715539
.4806099 .6231458
.4647350 .7919553
.5338898 .9318759
.8971323 .0551025
.8556093 .2474365
.5732949 .9853701
.4927514 .5974574
.8721829 .3283446
.0450408 .0602786
.0094562 .0584974
.4893976 .7189992
.5025592 .4339345
.9352451 .3423423
.0681852 .3567026
.8250173 .3348470
.2028928 .2372981
.9129541 .0767312
.1676352 .5542888
.9071652 .8181600
.5911160 .3076001
.9489004 .2606224
.8978706 .8878300
.3203881 .2442093
.4149340 .2622004
.2973962 .8958186
.1635592 .9862326
.4612463 .4492224
.5348515 .0022124
.8112737 .9305539
.5030286 .5317791
.6140738 .1566315
.6574768 .0988073
.2192311 .1006694
.7324922 .7559392
.3789763 .6598576
.7667364 .2969374
.4352866 .1690647
.5056529 .4182612
.7737220 .5390505
.8295383 .6851868
.0676996 .4881036
.1953020 .4361934
.1163373 .7524810
.3563276 .5374850
.7673731 .1104406
.6949354 .7282107
.9553740 .1815660
.7758857 .1644527
.9034085 .8495127
.3048156 .1021577
.8499739 .3217856
.3376298 .3191799
.2761391 .7417218
.8083143 .1652474
.7120088 .3000369
.3835752 .7842664
.1756275 .2881169
.1607781 .2516874
.7077347 .7622447
.3360302 .7239882
.0662647 .6541638
.9045625 .2584375
.3765507 .4133357
.6259999 .2174819
.5257675 .6819733
.4902904 .0491312
.6596139 .1049615
.0411790 .0958737
.7895270 .1201382
.1257927 .7307285
.9412137 .3546363
.6013233 .7883071
.3489153 .9021126
.5905997 .6269943
.9909682 .0432393
.0726936 .3388587
.5248163 .6048473
.6452532 .1674330
.8550596 .7761096
.6121721 .0883584
.7853004 .3951760
.2311198 .1798365
.2798839 .0062463
.7855592 .7221661
.7990213 .8222288
.5977899 .2191363
.1616435 .5064031
.3334633 .4669834
.8135677 .7399307
.8115532 .5847828
.8005704 .1401530
.5621020 .1768156
.9206590 .4444244
.7898489 .5734027
.3986227 .1202775
.1152422 .8802248
.1177328 .7870362
.0729933 .2830198
.2746528 .0561133
.1374094 .0680505
.7981234 .5741882
.9858959 .9296555
.6812031 .0797779
.4674044 .5828032
.3996931 .9914378
.6588791 .1566531
.8922407 .2044677
.5050729 .4279689
.4144281 .0896094
.5681255 .2116066
.3912985 .8063122
.7731772 .1474918
.8091712 .5467627
.8226791 .1353016
.5246471 .7345416
.9501277 .6327363
.1303188 .9705246
.3663379 .2516089
.8942778 .0430128
.2782370 .2962588
.1629643 .9310921
.5791778 .2668031
.0506328 .6994145
.7560654 .5087516
.9876290 .7159945
.4548550 .1813083
.7051756 .8667572
.4023352 .0275524
.6253756 .4734860
.5962419 .9864058
.7180511 .4650346
.1327928 .8521445
.1847559 .9622195
.7133543 .7629689
.5262398 .7092209
.4203096 .5241033
.5217027 .5506343
.1239391 .3188213
.4627680 .1830549
.9124139 .3459773
.8961291 .4102712
.9484921 .8958476
.5776926 .7463389
.5593555 .3256203
.9566567 .0230108
.2578859 .7475143
.1067327 .1867637
.5597092 .8595272
.6075498 .1730113
.3731938 .5319924
.6435799 .0155509
.5594311 .2507522
.9095889 .5199028
.8336985 .4856030
.3570734 .1694872
.0441862 .1140231
.1392733 .6505772
.2404853 .2358390
.2545822 .6202037
.7436732 .5526941
.4783985 .1826942
.2494226 .8827465
.5280938 .0048367
.1205786 .6992132
.5287109 .0438048
.4287394 .6219821
.4296648 .3804874
.6456976 .7928094
.9439973 .4757741
.5128166 .7023928
.9080447 .0681773
.5646669 .4251371
.9446257 .6149679
.7752141 .9054949
.3984403 .2902802
.2406589 .9166461
.3272058 .6744485
.8103631 .0037638
.6925461 .9186915
.9112959 .9934781
.8046984 .8052052
.9547571 .7991724
.7261187 .1392754
.8269452 .0167190
.1099561 .6392282
.8948846 .3629513
.4065346 .2014146
.2414659 .9728709
.2683357 .3180133
.7005500 .9920739
.2629209 .6597672
.6053830 .2664361
.7926765 .4858692
.5886365 .1674992
.7366114 .6286146
.5653696 .0625390
.2765994 .2781776
.1637704 .4437394
.3398299 .5574699
.0028264 .5095412
.9597324 .7605393
.6987549 .7188474
.6956655 .8998935
.3482521 .6286374
.3111288 .5755194
.2090433 .7284540
.6325549 .7857451
.7870059 .9894502
.5247992 .7294878
.6419322 .8770116
.0416475 .4203844
.7259681 .4976751
.0439324 .5028308
.4425593 .6639373
.1155831 .4226114
.0195127 .7028541
.8280418 .3925910
.0751961 .9818749
.8723682 .6764189
.9571111 .9913933
.0499237 .7973752
.7697342 .4588307
.5281947 .5099138
.8937920 .8619651
.2569756 .8301501
.8296678 .7854653
.3181986 .1280403
.6585903 .1874726
.7540761 .1953267
.2792837 .6133590
.7743157 .2140248
.5050217 .9497799
.0628841 .4923166
.4441732 .1295949
.2545443 .4777378
.3715291 .3904467
.7850725 .6085241
.2505899 .8075405
.6780835 .6674548
.5987500 .8527361
.0446681 .0405186
.5955822 .1032348
.9559709 .1747758
.0043618 .7971947
.9073230 .0329144
.0812333 .0113216
.5170003 .8507450
.3451691 .5551359
.7720023 .3502650
.7227530 .4140023
.6138547 .0144948
.7000014 .3413898
.7032277 .2980608
.9315660 .0510091
.7545496 .8740187
.1858972 .8797120
.0196721 .2847008
.1409528 .7081337
.6394333 .6919572
.6739558 .7012770
.1775581 .7670895
.8832010 .8663775
.3941508 .0175661
.8001461 .7587117
.0849684 .8482905
.9436344 .5733184
.6741325 .1693138
.5702653 .4551566
.4558329 .0964526
.4082925 .6928243
.3763258 .8908371
.2371489 .5198732
.6600134 .3300021
.9884388 .9587699
.2290427 .7162671
.8821385 .3689474
.7485628 .1648781
.9464821 .4029498
.4409548 .0692168
.2617213 .6716698
.9308929 .0453689
.2643036 .7469075
.8754213 .4830035
.9841590 .8002052
.7532394 .2808867
.3863860 .2419348
.8764937 .5679603
.9598337 .6721959
.5754709 .2868033
.9365485 .2110246
.9080950 .4649731
.3229407 .2029713
.6659434 .7782461
.2484984 .1910932
.5780302 .5126596
.6510679 .1660721
.3317598 .0915372
.3668145 .0933187
.4036381 .7188886
.3131047 .7178258
.9744470 .1087413
.3663857 .1939729
.8360529 .3656194
.1548327 .1737410
.8087238 .4365644
.4047325 .0376569
.5952004 .6893212
.4854532 .8315216
.2046850 .5416332
.8630471 .4793800
.2778072 .0675159
.4572158 .7175318
.2113868 .4699599
.2481938 .1114535
.4858613 .5052661
.4342169 .0905729
.7924706 .5791826
.2193154 .2157031
.3831156 .4537137
.8253441 .3688675
.6521243 .3879516
.1691012 .1510334
.6223839 .1060545
.1102479 .8531741
.2523300 .1976125
.2311750 .7309102
.9965347 .3046160
.4161292 .2009891
.7200099 .5671185
.4014713 .6648572
.9512442 .0559860
.0070364 .0638234
.8153312 .0228864
.6528697 .5325952
.2577258 .3894230
.4262731 .6315723
.9800949 .5610909
.4887677 .0289825
.6788113 .9070566
.7864236 .0350273
.7077820 .5506742
.3226773 .3624479
.3719128 .8626734
.8304080 .6396128
.0744936 .5711277
.3873354 .7091364
.0575526 .9691577
.8908878 .2204589
.2426721 .5198847
.5682254 .5195227
.6423036 .3729446
.7542464 .8409531
.0971509 .9999456
.6228156 .2437743
.0201393 .3471203
.6892770 .9639476
.8957344 .5491351
.6882219 .6866816
.1863489 .2430852
.5296155 .9068270
.9141660 .6981753
.7964129 .7225005
.5833280 .1039806
.7028638 .2086732
.5380002 .1455375
.3074784 .4945857
.7577145 .0813563
.4782519 .8097977
.1015480 .5128194
.7378915 .4942245
.9434916 .4098409
.4585985 .1509398
.9967241 .1951726
.4020980 .0576104
.0958403 .1828563
.4712304 .3814620
.1722784 .7470879
.6021748 .8394290
.1856762 .5357008
.5164329 .8229054
.1165522 .0446294
.7917051 .7160596
.2249639 .0806030
.3109034 .6662980
.7645545 .1409846
.2064233 .3409243
.5280588 .5516351
.2175932 .5886414
.4928103 .2829838
.8955906 .2190540
.1244804 .6056498
.9822239 .5560307
.4630904 .9820214
.9044664 .6874635
.0236795 .5886915
.7006732 .5378969
.0487857 .3335915
.5496487 .5824678
.1925163 .8156094
.8203299 .1888887
.9253488 .9554344
.2954624 .6445949
.6413247 .5238844
.7324267 .7619435
.6288783 .9650702
.6809792 .8562892
.9245908 .1509612
.6412619 .5981303
.9845801 .3432762
.0636623 .9271245
.6474355 .9476594
.9001306 .4958747
.7794956 .8308475
.6370311 .0357804
.2292399 .1785170
.8826910 .0942110
.4015423 .1817613
.2461518 .7075666
.2109164 .2732035
.7123962 .1117357
.8895678 .1466462
.9661620 .3508104
.8024783 .2814189
.8015319 .8649686
.9367786 .9862376
.2254470 .4949536
.1527198 .8469758
.1553023 .9468584
.8625552 .6152860
.4464890 .1677374
.9829752 .6550468
.7753156 .2782017
.4153260 .6531601
.7438188 .1183839
.7620803 .9198342
.2507260 .9517759
.4918270 .7081736
.1599048 .7382150
.5098164 .9682081
.7541959 .3710150
.4557305 .1484417
.2362202 .5496803
.6012745 .3381325
.1637453 .1420930
.7112824 .4128571
.4081358 .0292967
.6047304 .0489863
.9104673 .0103072
.5352441 .5915555
.7786929 .2995346
.2207820 .8141636
.4059889 .8386858
.8930915 .5560209
.2677151 .8692147
.8006523 .9546217
.5324664 .2087772
.0630784 .3447650
.9491267 .1215141
.7067207 .6353229
.6818093 .6806069
.3644308 .8112937
.5807478 .6432074
.9384999 .7848019
.2097337 .0808219
.1335903 .7168551
.8972481 .7583041
.9824328 .6713679
.9241517 .3950708
.3150871 .5012472
.1783411 .7737708
.7540388 .5977341
.3563097 .9227025
.6312731 .8907408
.9207120 .4645616
.7860970 .5391480
.0669959 .3088940
.2678061 .3029584
.1335761 .2197083
.4767090 .7883763
.1190412 .9013525
.3594310 .6843276
.8441715 .0407555
.2462396 .7841807
.1012461 .5857653
.2832597 .9665117
.8408957 .2283551
.8622910 .2882016
.7177722 .8362041
.8644085 .7539989
.4982025 .1123682
.9770225 .9384476
.9609414 .1737214
.0715075 .1558153
.7187828 .5753507
.0812832 .9458706
.2642944 .5584066
.6272527 .8501054
.5949553 .3888334
.6151807 .3137870
.7866650 .4472025
.1818281 .5211075
.3326055 .5263357
.8848683 .4481871
.1069329 .3318127
.2946816 .7338313
.2974109 .6365854
.7204850 .3902563
.1130252 .5280625
.4427934 .1125265
.7345025 .7549471
.4703423 .1407118
.7476411 .8201069
.6212341 .3648126
.7791149 .1005941
.9616063 .6588412
.5270831 .2699100
.8244632 .2441210
.8171850 .4514878
.4678810 .1074097
.3784808 .0844524
.7944772 .9688826
.0712660 .1087626
.5092537 .7778844
.3446035 .8901539
.8945729 .9176740
.4785292 .8566442
.4705201 .8687049
.0843617 .0960295
.8151439 .5953183
.4940317 .5935595
.5584643 .9026110
.8510026 .2341294
.0405914 .9157164
.3938354 .4546290
.5292224 .0573197
.7589163 .2478426
.6040785 .7729655
.9689686 .2652641
.9019176 .0471242
.6538677 .6556786
.6295220 .6731059
.1926275 .0601212
.0349086 .4312705
.7803838 .3501685
.5078632 .8746140
.5094208 .1711968
.4761508 .3382461
.6939247 .4985617
.2773235 .0365440
.8368688 .0333808
.4093255 .5833984
.4943792 .5940239
.8750014 .7990011
.1857714 .3753114
.8025488 .0205808
.4613275 .1630732
.3998248 .0214087
.9974690 .8579128
.0266273 .7068067
.5504222 .9670241
.3745327 .5798166
.8624237 .4925232
.2449855 .0721713
.9641448 .7422376
.2170087 .6752754
.2259570 .3150536
.7875448 .7755828
.1391004 .6060100
.7289545 .5310845
.0033844 .8121495
.0059899 .2901284
.9959193 .2119610
.3825399 .1575036
.7181944 .4898579
.7680174 .5001769
.1767430 .5708172
.5333255 .5382969
.8433263 .7448349
.7833126 .7056052
.2491739 .1595122
.4104124 .1442619
.4670058 .8426579
.3641631 .4168155
.4844789 .5235633
.8324248 .1046750
.2210048 .3273396
.0087678 .1874913
.8217401 .0347091
.0705910 .6683682
.6005993 .5806726
.3554613 .4703217
.0085539 .7978275
.1278444 .7619318
.3719016 .5195623
.5912260 .0942042
.6627843 .9081852
.9255210 .5033191
.7036538 .5640399
.3080236 .4497195
.1287843 .3420972
.4868867 .4549117
.9769731 .0281759
.0856314 .8329498
.5054053 .7211112
.1793839 .2008834
.9179463 .9806483
.7398271 .6359962
.1020184 .0218582
.4251445 .5094826
.7643771 .3912487
.2099203 .1858303
.8326805 .0107463
.0119699 .8916359
.6193965 .0241421
.4697864 .0213978
.6874840 .7647017
.2346375 .7930540
.9610526 .0582272
.6317147 .2621713
.4240325 .0961954
.5690471 .9578047
.4684012 .8094752
.5725376 .4596327
.0008953 .0328242
.4293803 .6770980
.8910282 .1996554
.9466661 .9364455
.0287951 .7087452
.7810974 .6878088
.6303355 .7603894
.3608107 .1063587
.6441947 .1072951
.9802573 .4110466
.0173348 .9810046
.7703250 .6311666
.7138497 .0511566
.1822985 .0218593
.9630947 .7031905
.8172648 .5093277
.1578040 .6684663
.0110787 .5169417
.7243956 .0349909
.8654107 .3041294
.4322100 .2702865
.9016235 .4980010
.9685522 .9011994
.8976611 .7075648
.8422606 .1569003
.6276939 .8142107
.1377702 .8667528
.2263561 .4993705
.3594287 .3274144
.9979361 .5079675
.3048087 .2642513
.1272492 .6989542
.9961135 .3991899
.5520359 .6839458
.2781279 .9262656
.0430035 .3212238
.5447015 .2506500
.3109535 .9722266
.6561070 .9676187
.9122401 .6356089
.6169543 .9830462
.2329728 .1820586
.8463229 .0823673
.4653258 .1908483
.4235435 .7537951
.9999547 .5435895
.7572881 .7147334
.9882441 .1063989
.6124574 .8660290
.1058404 .6106882
.9364498 .2327709
.0910471 .2446003
.7389122 .2060359
.9421068 .4487598
.3696632 .8780829
.4275444 .8660125
.5683052 .7022943
.6725320 .1572347
.9737513 .7844369
.0980399 .2336267
.4176539 .9368401
.1622866 .0771969
.0051771 .7526542
.6270852 .3699251
.1198734 .3717351
.0740199 .2103960
.1742548 .7386841
.9433722 .7840544
.9491462 .8604347
.4662704 .4266690
.1957365 .1563030
.6990469 .4746519
.9745506 .1958894
.8271824 .9625806
.8230131 .1154099
.5508796 .8771497
.8130137 .4042381
.4491684 .5148698
.1045808 .6114209
.6858846 .6626591
.6315680 .3249908
.3978142 .9080731
.6678227 .4507979
.9091387 .4088240
.5027903 .7256226
.0509780 .8664760
.2765681 .3422760
.0217038 .1513071
.8462136 .7805366
.2816920 .8463258
.7252959 .1028866
.0017147 .6878598
.6924042 .2013824
.8311317 .1850180
.3242520 .3224038
.6618501 .2452033
.8853063 .6377489
.2655726 .9997533
.7961623 .0993744
.9915609 .7322329
.0923597 .1742812
.1339134 .3189405
.3466249 .6064202
.3025859 .2913370
.6208048 .8323026
.5399968 .8554029
.9866722 .2620361
.5814419 .2229042
.5424922 .9410545
.3166196 .6312278
.8774021 .1806348
.1127301 .5963730
.5084262 .0756964
.3357761 .3398781
.5329799 .3421252
.4722586 .9744591
.8881692 .9662430
.2123392 .8819685
.1597223 .5668367
.3991360 .6654789
.4981495 .3636417
.7560350 .9368882
.2253797 .9011384
.8411477 .7819655
.1868143 .3062305
.9992278 .7332341
.5441382 .4136302
.6278821 .1220591
.9234787 .5618430
.4756852 .3568000
.7292711 .6713154
.7612321 .5034290
.7916287 .2278615
.6481507 .9856475
.8067742 .3096942
.2230504 .6677737
.4163403 .5535474
.9802072 .3675669
.0997267 .1302513
.4848965 .2372181
.8593842 .0060146
.1205708 .6560163
