80
.0346608 .8034342
.9924199 .4780711
.5057450 .0325635
.9608942 .9248715
.9970917 .9162531
.8380872 .1065186
.6370941 .8951177
.1811074 .4694259
.7244932 .6681341
.2192224 .3365029
.4903452 .6384636
.3503087 .7696159
.1992035 .9223077
.0347005 .8172650
.7614626 .0920050
.0611582 .9715866
.9572922 .8358882
.8145969 .1323806
.9580532 .7831670
.1375127 .4995925
.9211944 .0380799
.2131188 .8590945
.5645215 .1070364
.3619629 .8967279
.0180839 .9362407
.6766510 .6169306
.8168781 .1936225
.1501522 .7369047
.2327897 .6535871
.6984137 .0947152
.5348329 .9394133
.7415790 .6069781
.1854668 .7468559
.4813887 .0334302
.0877126 .2519325
.5742399 .5837046
.1406366 .3717693
.6163250 .0055932
.5746449 .0130355
.9831299 .9309933
.5456187 .9586819
.5417917 .5701459
.6783618 .5987121
.2102698 .9186985
.7627851 .7303174
.0884018 .9951101
.4058780 .0001969
.9365878 .7149786
.6014690 .5380375
.3194886 .2285543
.0582069 .6732162
.1436391 .2300284
.5717716 .5126126
.1656687 .1616924
.2751848 .1992371
.0858026 .5897750
.4739130 .9199986
.0108871 .4662220
.8803781 .6746085
.5012514 .5939061
.0031816 .3821532
.4226918 .4012847
.5049556 .4505225
.9126485 .0633838
.4919417 .2674580
.6296435 .9737179
.5983132 .4287487
.9661764 .4083739
.7265655 .5748417
.1339218 .6985452
.4371474 .5751325
.2301656 .0483075
.9685623 .0302340
.0073461 .9449345
.1235750 .6448719
.7222418 .4915676
.8755832 .3835083
.9541853 .4661362
.3168096 .3206264
.6565705 .9330786
