80
.5288906 .6118075
.5607447 .6253245
.9354684 .8066084
.2133309 .7826524
.6578191 .0462025
.5905470 .5700811
.5546429 .6663458
.4835238 .4788800
.8973308 .3068432
.4477906 .3145513
.2771246 .4788852
.5112851 .7173579
.4581654 .2973927
.3787465 .8015116
.3788951 .9326336
.9873384 .0244841
.5851019 .1709064
.3568633 .6019624
.4282063 .9265499
.8863218 .7006717
.2298331 .7927361
.1432337 .5401658
.8334572 .3696981
.5269981 .6227801
.7586019 .2170349
.9040111 .7327650
.4528707 .3297890
.5392058 .1832226
.4996563 .9618947
.7025257 .0623717
.3698557 .7786341
.7135057 .8959025
.3769801 .5126827
.5940031 .0942871
.5668399 .7644671
.8071291 .6249095
.6931678 .0026744
.8359493 .3083055
.2342692 .2981224
.8524941 .6926912
.3157144 .4146093
.8874186 .2558304
.8303744 .5720871
.3622092 .3001943
.0874000 .9163302
.4055388 .8658128
.7612103 .3384773
.0471432 .7422519
.2228541 .0881946
.3578239 .6113048
.6793826 .3540193
.2617930 .8272740
.7697893 .8194823
.6539607 .6117012
.9037802 .7571491
.3638406 .7110816
.9048045 .5455503
.3609124 .9840228
.3415391 .0743717
.5224434 .0305027
.9000586 .2670192
.6003379 .8698791
.5473702 .2600573
.2324618 .7731329
.0385267 .4368076
.6374822 .5530255
.1842880 .7558788
.8894813 .7454422
.5719538 .3203609
.4558495 .9457142
.1536856 .0131285
.2531441 .8021929
.0070291 .8289514
.2721267 .4603180
.0416061 .2531827
.4739608 .1759132
.5717088 .0954602
.9809811 .8959882
.2819670 .4484140
.5814301 .2959520
