60
.4133507 .0694473
.6359969 .1438874
.1218553 .9948349
.7617065 .7350309
.1566600 .7706777
.4005069 .1804184
.8737880 .4683544
.9848888 .8404221
.6653136 .3469813
.6997040 .9090305
.7520458 .0735757
.1913695 .7872324
.0471649 .4292897
.1397005 .4814204
.9751019 .6262334
.5010154 .1543313
.7664360 .4576255
.3050216 .6962284
.7774381 .5785508
.1286094 .1212417
.8997435 .6912412
.5934492 .2475430
.9166723 .1508172
.4451200 .9473826
.2005709 .8156087
.1607924 .6484732
.5903878 .5787984
.9791613 .0638178
.4881757 .1109820
.3167739 .5923622
.7024843 .5295932
.4830312 .6748508
.5683315 .0417862
.3733729 .7524965
.2977764 .5705784
.5353749 .4425856
.9597063 .8956160
.9821250 .1344464
.2374712 .2831185
.8751753 .3783543
.1410886 .7451603
.4070334 .0834552
.8170623 .1947448
.7594288 .4906950
.8510775 .5258991
.9649038 .9125745
.0320861 .1605424
.1095216 .0403433
.1632580 .4169500
.0250701 .8555262
.5760900 .1565121
.0589765 .4284822
.6262914 .9819746
.4956349 .6615504
.4090691 .6547090
.7378983 .7952779
.6997554 .6715846
.6335057 .6377835
.8635355 .8319873
.7271000 .3315078
