100
.4674331 .3955179
.7185374 .1875797
.1271307 .0693581
.8146327 .6342916
.6507443 .4646238
.3039285 .8987351
.4252968 .4577343
.4651534 .5442669
.3902303 .6345487
.0074141 .1484491
.4425463 .2118863
.4570747 .0400313
.2986917 .3298273
.5753748 .8753179
.8668507 .2652738
.7501331 .6762506
.4653011 .9898908
.2351979 .1468224
.6302227 .2663725
.0677385 .0226314
.1374649 .8217816
.5424418 .6599923
.2524446 .1687709
.5170746 .7431004
.8432092 .9155889
.0071182 .5248037
.2539229 .9021876
.1271718 .0006261
.8372701 .6482639
.2699655 .3663212
.5696755 .2629599
.4840301 .4834577
.6954725 .4460053
.5097446 .2698764
.0253659 .2445843
.2395246 .2743398
.1983889 .9949355
.0477431 .4568576
.4402013 .9859212
.2434841 .5850427
.3366755 .8843234
.7758302 .8169618
.8004234 .3467080
.3959885 .0543252
.3368894 .4361342
.0695618 .5360488
.2010205 .8270543
.0395864 .8582355
.0479972 .1192249
.2579921 .0470114
.8822015 .1296262
.8087926 .3074291
.8451905 .4660297
.5070006 .3943610
.6910744 .1202568
.3268792 .9069702
.3990310 .8041153
.1331056 .8415081
.6778814 .2747506
.9876310 .0298600
.2243548 .3845139
.8998846 .1629991
.2900461 .9066831
.2823937 .4063192
.8647694 .6332743
.7592856 .5522494
.7561963 .5530256
.7303966 .5566321
.8849854 .2722039
.7852628 .4385985
.7562324 .8514577
.4429907 .0961413
.5346308 .9493036
.7073312 .7457896
.3524163 .0752610
.7000973 .5167623
.0136004 .7889300
.4867882 .2372610
.4103624 .1987193
.6398200 .6001705
.7104015 .9162501
.7885083 .5819149
.3677197 .9479808
.2598278 .0435928
.6013615 .5300860
.9863716 .6373130
.2122386 .7493696
.4017744 .1799175
.1899694 .4927764
.5005445 .1855271
.9098230 .8191657
.2376743 .8496172
.9320313 .6752152
.7999866 .9701578
.2770753 .8459022
.9998129 .5327623
.0337232 .4397564
.3137129 .3713098
.4217462 .7982624
.2934246 .7751819
