1000
.8351617 .9098730
.1673531 .4630188
.2010071 .6478921
.7002994 .3248094
.8871604 .0924973
.1008778 .9893566
.4859377 .1253955
.5021962 .0319209
.7846618 .7548865
.6227394 .0289866
.5233055 .5035367
.4715528 .3958845
.9415151 .8953537
.6785790 .1863803
.0901820 .8157216
.9898067 .4014865
.7409029 .3021040
.6140044 .4142754
.8668172 .2877065
.1872899 .9521467
.9381045 .1397043
.7000535 .9573474
.2100094 .1215580
.5616972 .7776038
.0032950 .2161462
.0036936 .6660182
.5966762 .5612168
.3695065 .5749588
.3656856 .9967828
.8273545 .7320364
.4977569 .2688410
.1725549 .4444748
.9617137 .0759589
.3516522 .8857464
.0714854 .6231359
.0196282 .1073182
.3064008 .3366767
.9006139 .9582452
.0689777 .0079058
.2155784 .6932041
.4983977 .4231796
.4088715 .4499057
.7239850 .4910976
.4781409 .0616903
.1356495 .4208589
.2054494 .3600273
.1525680 .5016360
.5052773 .6716485
.0600121 .7824276
.1389244 .0206562
.9173573 .1933806
.5735283 .9392179
.1655627 .5588304
.3538964 .0408982
.9149672 .1425680
.7605157 .8253313
.1967529 .8878936
.6888622 .7063292
.6240405 .8571316
.7323902 .0696839
.5289556 .4632499
.7007399 .2913877
.0053045 .2833252
.7596754 .0387956
.3653678 .3506023
.7314512 .7309185
.9739273 .0771048
.7226187 .5815998
.6006346 .0379243
.2171222 .9603133
.3683682 .8647576
.3398122 .5867726
.7929670 .0007247
.6006202 .9719795
.7188234 .0492951
.7015049 .1117970
.2529323 .3330353
.7433012 .2491483
.8722724 .9261615
.4116829 .0045391
.1985015 .1393132
.6419975 .7263111
.6600407 .9538379
.2406526 .8638941
.2423463 .4019779
.5424334 .7888619
.2976953 .9819541
.1625145 .9868394
.1687811 .9338369
.2004097 .0627961
.0860005 .0715524
.9995744 .6250173
.0241560 .7941848
.0772582 .8586041
.2355654 .2491779
.6183945 .4247466
.9859089 .1918893
.6662193 .1217752
.2667209 .1185013
.7198427 .3501469
.2918938 .4183126
.9315566 .6056114
.4400702 .7102111
.7381538 .6898389
.7030074 .7474456
.0023741 .7203286
.0520647 .2829446
.2116745 .9234661
.5385437 .5101635
.7982612 .1257085
.1838609 .9950569
.2106195 .2750643
.2651095 .6940440
.1740457 .6228409
.6206215 .4490593
.0048210 .7060864
.9363444 .4397194
.4560909 .2637808
.1623310 .0675889
.1271121 .9016710
.4720912 .6992653
.9027300 .8362247
.4260998 .0918034
.3356399 .4795258
.8320705 .0916611
.6565864 .9935918
.4938407 .7001260
.7010607 .2015762
.5805205 .6348863
.1666858 .2891766
.3881036 .3272958
.1422241 .3943128
.1546670 .5537502
.8434209 .2363221
.3627647 .7207122
.2066136 .0845500
.3412968 .7570829
.8695869 .2548422
.3741695 .6030902
.7394616 .5330932
.0321128 .8474462
.6258615 .9772040
.8522368 .0174776
.3081176 .8995883
.2699564 .6710558
.0992606 .8762637
.0199376 .5127154
.8459029 .6976136
.9143873 .4351354
.9282551 .5396262
.5134665 .2844526
.9523409 .4998508
.9465195 .3144562
.3983913 .1539862
.9343328 .2188595
.6343092 .0289570
.4994159 .2383462
.7374161 .8760845
.2185030 .4932144
.9953159 .3205378
.1417525 .1939842
.4690596 .7551968
.3366308 .9695700
.4777578 .0704048
.7588683 .9013255
.3697883 .7353538
.8433221 .0747363
.7356758 .5790814
.5667220 .1095370
.7329962 .0037719
.1722833 .1918483
.0631786 .8823013
.3606865 .0343515
.1802576 .5652547
.3281097 .7958192
.5263605 .7070271
.0425141 .6002805
.1694226 .4106082
.7543790 .6470101
.5441982 .8182953
.7852151 .1711582
.6344904 .0103918
.6616173 .3144767
.6365661 .1229787
.8869957 .3470194
.8523552 .1036113
.9776136 .1321896
.4051644 .5723330
.4318110 .1748453
.6666717 .8642371
.3364658 .3986505
.5358145 .4559833
.3154906 .7652420
.6092470 .5167178
.1516444 .2123609
.7082282 .1057784
.0128058 .8266505
.2445192 .3349342
.8222704 .7926318
.7720163 .3287308
.6522477 .0232129
.2228422 .6973257
.5007056 .4672515
.3953573 .0640351
.5316978 .3319575
.0634477 .4841985
.6034640 .7155618
.6154031 .8099422
.1495744 .7194900
.5981190 .5915078
.3763571 .7375242
.3171558 .2920461
.1424463 .4779154
.2917585 .6986879
.3286913 .9763875
.6402042 .6453234
.2115117 .4542406
.3161952 .6663834
.2302444 .8546009
.6603665 .0580443
.1867454 .1770448
.2887295 .0532189
.6186519 .6896476
.4159419 .3764575
.8189248 .5287306
.9970711 .2290229
.3937423 .3385043
.4459284 .5949307
.7061507 .1312044
.2174810 .4252042
.0792644 .5764642
.4802218 .4570118
.9528851 .0073629
.8930863 .8012614
.7113586 .5480924
.7694674 .5686543
.7259350 .3502950
.4744909 .2196849
.0670280 .8351130
.7648910 .4756348
.8132176 .3766401
.1349634 .9097944
.0747728 .7680597
.4560924 .0829692
.6075468 .2600739
.8576367 .5643345
.7534572 .5655503
.6474417 .5949169
.6290901 .0354251
.0523154 .6509330
.9043845 .7170821
.8013738 .8299433
.7665482 .1334563
.3946364 .8338080
.0354624 .7322689
.7995333 .3157912
.8585182 .8508763
.9904905 .3893908
.6252461 .9614789
.0703784 .9955944
.0529059 .5796777
.7537659 .3628117
.8385539 .6498595
.0045084 .6767478
.5736606 .0144311
.0456300 .9504803
.1842560 .7187669
.4266357 .5300275
.0905101 .8256922
.1587264 .2072688
.3597427 .9756522
.1157787 .9972390
.8287815 .4322137
.1398138 .6650919
.6554861 .5354827
.9629111 .3914500
.8727984 .5241835
.7295370 .8129558
.7970135 .1938131
.3279543 .2746475
.8077533 .8842415
.8581693 .6268311
.9805191 .3236477
.5056612 .3734383
.9113567 .8225604
.1713283 .4509847
.1122451 .5752708
.9325925 .3441952
.5479755 .1868048
.4698178 .5206891
.8906708 .2402498
.8650443 .1248313
.2343743 .4273153
.7329102 .2795054
.3744532 .5978482
.7304409 .9111655
.0375846 .5923967
.5545337 .3826214
.0579716 .8941187
.2023645 .9716260
.5318279 .3981179
.3569917 .8910043
.2302302 .8109740
.2720490 .5648157
.4828302 .6615653
.6569921 .6494099
.5217840 .3645682
.1868206 .1502502
.7442680 .4060205
.9439248 .2045734
.0482571 .1293499
.0986251 .8833538
.5424919 .8410656
.3904789 .8581829
.4379279 .5161811
.6134381 .0615870
.3920851 .1901501
.6508493 .5625252
.2847636 .5399471
.1550106 .7393543
.3262122 .9826851
.4119385 .3549681
.1971928 .0941121
.1540568 .1551262
.9421286 .9472612
.1481130 .8907283
.6168092 .2067090
.5466505 .9149890
.9536203 .0371182
.6902353 .3716548
.9601082 .0842823
.9132505 .0526175
.5085542 .3885254
.7548422 .7820383
.3902625 .9573322
.8124312 .1364468
.4711228 .1572641
.4895023 .8307380
.6548496 .8228427
.4610534 .5206012
.1847756 .1979319
.3755376 .3622002
.9293522 .1365048
.8852636 .6369186
.9232339 .4453242
.4894527 .2372217
.4851538 .3392791
.0143682 .9011906
.3033934 .6266748
.1595705 .7975956
.2546658 .8099726
.9122850 .3575205
.3753230 .5780728
.4645297 .0170547
.9951193 .4175350
.4389300 .6104806
.9209788 .9579012
.8054549 .3042117
.7564704 .3038124
.1065548 .8955330
.6846525 .5446765
.9437690 .6614754
.7377662 .8595273
.7437035 .3139598
.8245854 .5761963
.4317691 .5172045
.3702306 .0632835
.8021201 .3093282
.8165819 .7314381
.2732492 .0366388
.5942313 .4354289
.7395850 .3882981
.3568638 .3761788
.9366035 .0804342
.8011988 .8156358
.8843246 .8893623
.5028130 .5878388
.5030051 .2179027
.7904720 .0050949
.5342871 .2788870
.3566560 .2445842
.7674082 .3153456
.3449528 .0212468
.7672375 .0046073
.0385509 .1082541
.5202788 .2081461
.6583566 .2950056
.5352803 .3625066
.5119421 .3502075
.0231166 .8285688
.8507557 .5974648
.0900753 .1337973
.0154560 .3637193
.8509840 .8994970
.1880125 .8151018
.6326652 .9244949
.4220163 .9760841
.8104187 .9176168
.3746130 .8995312
.3044945 .1908641
.7872626 .3181178
.5512576 .6378423
.4183105 .3998889
.2338521 .8597933
.6657663 .6282803
.7760605 .6340524
.0689017 .9429584
.3246267 .2539370
.4649375 .1631690
.6109751 .7494964
.7123583 .8581826
.8219221 .7072453
.1729307 .1556717
.7370431 .3635019
.8554475 .8517375
.4117338 .8072829
.2382553 .4065898
.2911026 .3894032
.9648790 .2158720
.7095449 .6265204
.1952106 .6150820
.3305977 .7818887
.4289230 .5167517
.4653573 .6055598
.8206649 .9478046
.8167635 .0702456
.7883491 .0360764
.6603278 .9270420
.1741095 .6161580
.6058108 .0472635
.1374443 .4487688
.8928366 .2697605
.8143214 .3755799
.8478908 .2318391
.7247715 .3010683
.0494721 .7582903
.8023762 .8803568
.4787748 .0866043
.2872394 .8103893
.2290710 .7242203
.7921592 .7219570
.1493445 .2101830
.5299582 .3403401
.2356103 .5708588
.5759271 .7484184
.9731390 .8369624
.4182637 .6113251
.6784019 .5840647
.8938817 .9068584
.8823656 .9655449
.5771976 .2891880
.8157007 .9576363
.1331211 .3707000
.1679358 .3003297
.0976381 .0513821
.7504879 .6024709
.7327409 .1077443
.9392430 .9289535
.4271820 .5621877
.4348530 .4844921
.6782640 .3147470
.7745578 .2716005
.7777843 .9955241
.1620499 .2871191
.4099844 .2886911
.7430691 .3264746
.6110694 .8259395
.8229612 .1198375
.7862156 .3244748
.2647598 .5990055
.2661321 .5653905
.1763603 .7952086
.4338420 .1232704
.9344575 .3406453
.6735552 .9554538
.7300174 .8724392
.8849756 .9653367
.4715613 .8363898
.3532743 .8316457
.5523508 .2164122
.3399294 .5456006
.3670988 .4684414
.5228288 .4585559
.4319829 .2468600
.7131229 .8898544
.5849246 .1467133
.1464434 .5915317
.2752148 .3531466
.8099422 .1639480
.8340296 .4351528
.1342899 .8526825
.4790905 .1259011
.0489839 .4578831
.4640830 .3161456
.6551866 .2160026
.2403786 .1075311
.0855167 .7712517
.9464891 .0235425
.6548993 .4784460
.3584535 .6894218
.0084037 .4459893
.1883945 .7381320
.1761115 .5508126
.0627173 .5844111
.4741306 .1869469
.5872386 .1776633
.9550403 .2343414
.7428569 .9789104
.2079960 .5803143
.7685962 .2268053
.0235805 .8559351
.1828894 .0198213
.7439211 .6644624
.3602187 .7407084
.6747635 .7169710
.9976042 .7171831
.0907470 .6272989
.9403334 .5191183
.1532267 .7676869
.4426654 .6442629
.2042923 .0987671
.4584203 .1862696
.8112928 .2511607
.6172968 .9925841
.7108469 .7766453
.9618399 .3250718
.2251671 .2679315
.3011258 .5901705
.2691906 .2683395
.3718420 .7023786
.8946650 .2943457
.2644196 .4170624
.2746255 .0508888
.3376429 .7854135
.6537886 .6447386
.8636037 .9529438
.2999196 .3459373
.8574119 .9877073
.7983800 .6995966
.0816082 .3675018
.7344666 .4759575
.3901690 .1961823
.1909804 .4288729
.8952451 .1149180
.5243712 .9125394
.5927461 .1193004
.2319355 .3216649
.9494729 .9196762
.7325752 .7470923
.6011252 .8594738
.5896896 .2904886
.9910654 .4416490
.8295487 .7088380
.9356209 .8512170
.9621210 .4504202
.3618543 .0842085
.1914736 .1245033
.6445304 .9198014
.8946732 .8804035
.0743730 .4598885
.2242549 .3586536
.2110325 .7034546
.8099473 .5560549
.5903855 .9539049
.8481012 .2931380
.0332718 .0454272
.9073231 .6003281
.3954387 .6266229
.7688215 .2986497
.9477197 .2005319
.4700855 .8304318
.8102360 .3718425
.0283923 .9209354
.3010630 .8140402
.3714378 .2864256
.2022827 .7985518
.7687547 .1487201
.4860243 .6191046
.1996902 .0089495
.8589122 .7295829
.9592079 .6499416
.6416759 .6621537
.4268169 .7905758
.2554575 .5113815
.0291717 .7574263
.3789648 .6039896
.4234837 .9572995
.2999894 .5048883
.9144959 .2546615
.9273239 .2575994
.8775522 .4437200
.3586981 .1783067
.9669031 .1568581
.0083976 .0119718
.3019736 .5074919
.4636510 .1483144
.4925543 .7020225
.0280707 .1544919
.8218918 .3856606
.0773180 .3170586
.3771364 .6612931
.8381413 .3427699
.3096811 .0275230
.1359084 .9280548
.3212740 .8473236
.3541385 .5900383
.1905508 .7456908
.8162230 .9148901
.6514760 .3440299
.7259386 .1165349
.8702538 .2090606
.5683785 .3424135
.4882340 .5005464
.5429926 .2825698
.7403448 .6584293
.4294200 .0408777
.2442930 .1267703
.7161318 .5572568
.0953379 .5575224
.4804919 .7092778
.9925256 .5974025
.2130761 .0901678
.0500203 .0992356
.5328945 .8149113
.1842423 .7159256
.7349253 .9414549
.6740859 .0689210
.7260090 .5419698
.5151806 .2094917
.7060694 .3892611
.0651575 .5235793
.6927326 .8427489
.4278201 .6202211
.6101114 .9715258
.9601735 .5778525
.2957164 .3208482
.8050769 .1279474
.7395510 .0325694
.7390206 .2947408
.6603617 .2265112
.8518374 .4839748
.8371344 .5331251
.3032014 .2610017
.3281805 .2700388
.9771985 .7549422
.8919330 .7457661
.3162298 .8842160
.8267859 .2599900
.6816847 .9704249
.5133666 .1959566
.6713567 .7805411
.8004333 .7486650
.0201237 .0374306
.8415474 .8222385
.8061310 .8292015
.0676897 .9181464
.1522625 .4294814
.8624732 .8173456
.6122098 .5517959
.5704638 .8659573
.8096171 .1775032
.2817577 .9753175
.1927378 .4315352
.1512870 .2501736
.1984531 .5842757
.7707396 .6079698
.5985199 .6195533
.4433918 .9296129
.9251996 .8537265
.4339706 .2073534
.9281205 .1824666
.8807881 .7854985
.9720082 .4708851
.7572364 .0191233
.8059263 .6273878
.9331979 .3367838
.5665722 .6878444
.0804234 .5550121
.2561176 .8976316
.1433614 .0620988
.9817278 .8656053
.7996978 .8108896
.3693988 .3643802
.3918857 .5170656
.8667685 .6912163
.0386220 .5701680
.9132443 .5466090
.0374645 .3865082
.6538044 .4341468
.4379877 .6605966
.1653234 .3736037
.1779499 .5368641
.8989104 .4253661
.9993035 .3957662
.7536735 .7614304
.2504188 .9348876
.1092090 .8371312
.5770282 .6709311
.1660972 .1067527
.5360266 .9745135
.6734425 .6110177
.6498002 .2960314
.8451643 .0084210
.8581037 .3045343
.9549932 .0262594
.4110670 .1370852
.4141085 .1092889
.8596000 .6755216
.4227199 .9199919
.0046781 .5003970
.5828117 .4077455
.7186447 .6252069
.8863811 .9655305
.8911566 .9323124
.6619765 .7204805
.0086407 .9973168
.4698247 .6843393
.8655263 .2205305
.3674951 .1850338
.6319710 .3396383
.8965289 .0118833
.1577222 .8712651
.7259258 .7727086
.3540511 .1528725
.9784856 .2570850
.3317719 .6998286
.3958980 .7394620
.4371166 .7626149
.8908240 .1896375
.3600919 .4104922
.5991705 .7744160
.2207917 .2625831
.8809768 .7589597
.2843947 .1547592
.1089751 .3126632
.2191412 .5279932
.5026014 .5931078
.2848655 .0454681
.3721835 .0610743
.4015644 .7237668
.2808694 .9454909
.7644177 .4674231
.8457421 .2428438
.7975449 .0330330
.9071499 .1517675
.2149955 .7635317
.0067249 .3985428
.4129279 .5071708
.6275122 .9288325
.1680482 .4887118
.2492621 .7884793
.6680520 .9894179
.4308855 .9923360
.4414561 .9121069
.0105060 .5231955
.1657188 .9898532
.9591154 .4887038
.1803439 .8114363
.9717053 .5059660
.5696394 .1903423
.7525648 .6321645
.8493756 .8415824
.0593621 .1031901
.7216551 .9338167
.5113133 .7068158
.3692793 .8728012
.2253544 .1656019
.8486831 .6030362
.4934150 .2382962
.0005063 .6822244
.6138110 .6052557
.8079961 .2197697
.9880802 .6591588
.3620881 .2455994
.7264342 .1902731
.7921004 .8961055
.9930548 .1865748
.1339069 .6144978
.5768706 .5513713
.7621337 .9453889
.7918748 .9005261
.5257552 .9775031
.5786366 .6012205
.1013595 .5110612
.0680813 .1551774
.5067137 .9921695
.0400117 .6497139
.5779909 .4974592
.5098882 .4756491
.0735349 .8378246
.6432192 .4552610
.6792349 .3874133
.5501979 .9869453
.4968741 .6775714
.1641200 .2842477
.7261014 .2072651
.9532709 .1913186
.5193687 .3311239
.9425505 .7578394
.9011805 .4507042
.4007581 .5548898
.8897180 .9483956
.2423438 .8473313
.4192458 .1986096
.0462120 .8838677
.4020791 .3370361
.6439776 .8362848
.5431979 .9728563
.1986004 .8652462
.7702422 .3353983
.9917003 .3997177
.9955203 .0378350
.8617487 .4163908
.2012136 .2356949
.1708911 .1576478
.5380733 .9142093
.7980495 .6324512
.4429828 .7503866
.1203179 .1423219
.0907109 .7952197
.1011775 .1400744
.3664138 .3781265
.9878622 .5754917
.7318586 .3566216
.9539582 .5604201
.8013502 .2638633
.2171868 .1841305
.2718499 .1271286
.3139454 .5540130
.3821854 .7609900
.6067273 .9900151
.8124718 .1370120
.7106651 .5644970
.5683023 .8917058
.0112963 .0906296
.8038290 .9882891
.1548940 .8978881
.7899433 .7650375
.3604946 .4058783
.5822914 .7907145
.3517439 .1684544
.8302304 .7502523
.0470297 .6971249
.2209441 .5835693
.9757316 .4118819
.0892070 .8166704
.4919481 .3721107
.7466200 .9140239
.7074182 .3109163
.2859333 .9391714
.8226956 .6713293
.3752459 .1686338
.0476099 .9982035
.4398215 .8319663
.1038237 .7884731
.3898923 .0553051
.6165177 .7955802
.6325534 .5114903
.4390684 .3095933
.6335738 .3088511
.7116785 .0186006
.0870789 .3025519
.5174331 .0626495
.3115014 .2440417
.3398501 .6196128
.5103521 .8901557
.8048135 .0511531
.8951447 .2058271
.7544929 .9622331
.4316148 .8826962
.5866091 .6026447
.3931202 .2672000
.7218642 .4145950
.4281967 .0905034
.4456720 .1947706
.1015746 .7009422
.3051513 .7182828
.6659553 .3369996
.5138489 .6287616
.1693918 .8022812
.8974792 .2343901
.0916362 .1080105
.9642809 .3021419
.9112063 .5652642
.5510348 .1876744
.8995900 .7080533
.7155293 .2895337
.7738630 .5164392
.3409542 .9243114
.5554393 .8307063
.1975028 .7724478
.2096188 .6852130
.5690263 .9682827
.6944442 .5634455
.2830694 .0659877
.4320387 .2410368
.0536749 .3059630
.6224711 .8356163
.1181395 .0724218
.1281939 .7533533
.5690824 .8480017
.9326277 .1814869
.5869153 .4486110
.6734286 .3310175
.6877305 .4121300
.9107813 .4286142
.5279070 .1063112
.2426133 .0736883
.8470344 .8400491
.9383333 .5350328
.5702223 .8713993
.4344647 .3184654
.4021568 .0060925
.0107822 .2870575
.5885435 .2101052
.6231636 .0908307
.7434924 .4948832
.7757605 .9327758
.2791091 .8873598
.2241615 .9697312
.2487202 .6197380
.1543878 .0645808
.2379286 .2544060
.4087218 .2524259
.9057282 .2231050
.6449404 .1773839
.1763596 .5698435
.5243965 .8554958
.8841184 .3448475
.8179918 .3174224
.5380867 .3403173
.5762986 .8142014
.1494116 .3637228
.2973354 .0998596
.7854467 .1240837
.5966838 .5431501
.4054708 .6119319
.6811584 .1116597
.0019496 .5727253
.5780123 .1970193
.2170751 .7321520
.3930893 .3294945
.2117535 .6933133
.8673181 .5208627
.1059765 .1909897
.3629006 .6707272
.9457552 .3953476
.5173699 .5053045
.7301825 .3823274
.7218028 .1587945
.0878668 .3438389
.0627614 .9627136
.9476118 .6485663
.3574218 .4225926
.9139543 .9719242
.5367296 .8162258
.6316753 .3173003
.2087098 .3627514
.4898177 .2134428
.2671501 .4442660
.5477449 .4954847
.5911948 .8059666
.2235039 .0979263
.0878205 .8490034
.4158735 .8826987
.6281288 .8318343
.3711443 .8074922
.0737953 .7179531
.4765410 .2596269
.0232546 .1949209
.6744189 .1271580
.7571929 .6237189
.4426041 .5774223
.9460641 .8780770
.0616526 .4271270
.0025529 .6576548
.6620337 .7181378
.7105779 .3012885
.4734591 .3976252
.3184761 .7190015
.6324338 .0159501
.2138337 .0736366
.3777484 .7139034
.3549376 .4818380
.6997367 .5234287
.7604263 .4142235
.4178264 .6410468
.6833179 .7379669
.8398798 .7766331
.9345965 .4811970
.8912171 .2952674
.6788558 .3646369
.8636731 .4573545
.5915273 .8362932
.3857455 .8603846
.4228796 .5917826
.2014742 .8703491
.8246552 .1355938
.9033260 .5152330
.0148330 .5442478
