80
.9690425 .8882654
.3408501 .6724226
.7533278 .7811383
.9657399 .8398141
.5476511 .5054127
.4906983 .4164025
.1661885 .3152471
.7305389 .7355684
.9363201 .5992797
.5038233 .9421866
.0329640 .7489233
.4848039 .9463681
.2131300 .9694234
.2171405 .4988359
.8711748 .4085003
.2118636 .7242544
.5684087 .6371468
.5741669 .3833538
.7058592 .3563330
.0580960 .8443634
.6537832 .3977896
.4014604 .4986163
.9611082 .2499523
.9992467 .3612451
.4650188 .5223606
.3738459 .0001876
.1155490 .4515744
.6234521 .8172885
.7199474 .6747959
.3924251 .0836586
.8819126 .4171399
.4131665 .9646553
.1341977 .7556582
.0095268 .9524239
.2997206 .9760880
.0058530 .4879031
.8138411 .9026237
.3199082 .8690962
.1340365 .5701044
.3859529 .5152639
.1754770 .2726358
.8976751 .9320375
.3521329 .8511100
.8083043 .8823213
.3706859 .5001325
.8935462 .8317674
.2038301 .2457911
.4758364 .1626138
.1331856 .8702899
.3172397 .3302914
.5601701 .1760023
.5920243 .4054718
.2834307 .2657532
.8149207 .5696715
.6689951 .5814034
.3812421 .3221761
.8168045 .8398562
.9118008 .5544442
.3649059 .2227250
.0178125 .3373099
.5679552 .1388672
.7251402 .2657716
.0249820 .9510872
.1272023 .4729535
.8852375 .0403223
.5630555 .8534915
.1905522 .7108265
.6204752 .4591563
.5656260 .3940469
.6096979 .2155174
.7792088 .5003205
.0957636 .7648984
.4918719 .6469900
.0575160 .0123142
.1901674 .8473261
.8881828 .4195381
.9800823 .0025329
.5824800 .7774640
.3599777 .5623832
.0722629 .5455206
