500
.2238446 .0830459
.7247373 .5966952
.5814296 .3289546
.7463926 .4222115
.5739620 .4601053
.7259755 .5609845
.9182257 .9648716
.6368542 .8022594
.1071193 .5758686
.9480516 .2829352
.1171545 .8564517
.2474132 .8510312
.9885279 .1285767
.3838966 .3648390
.6089820 .4464049
.6020836 .7735690
.5202391 .8689405
.3208653 .7232038
.4212727 .0680222
.7179078 .7215084
.2387429 .1259393
.8133851 .4732490
.8317148 .4680838
.1794591 .6926739
.9429591 .9161634
.8025205 .2847323
.9378617 .9498732
.2471628 .9663985
.9068951 .9803320
.5556707 .8193391
.2588905 .7553149
.8933548 .5070634
.0976471 .3601421
.6347743 .4731444
.2388838 .5122870
.3826558 .8191334
.1608320 .2731423
.5115521 .1359399
.6500485 .6551883
.6108940 .6627464
.2519381 .0628504
.2334728 .0424985
.3981905 .6838733
.3894667 .8396958
.4834955 .8958692
.2042870 .0291319
.1116705 .9580982
.2096853 .9354246
.8243670 .6472844
.1781256 .6221762
.1489744 .4316524
.7443078 .4534346
.7288715 .0601595
.9763200 .3733224
.2889336 .3123820
.4411152 .2042921
.5898549 .7844757
.2212553 .7199911
.3715428 .0913429
.0360479 .1121934
.3012315 .2953929
.5417229 .3872298
.5362231 .7163509
.6610723 .7778374
.7819242 .9602425
.2393984 .9608937
.4582890 .8922300
.4446053 .1871289
.2545395 .6681916
.3162235 .7501526
.1132812 .5720888
.0999789 .8810224
.3885165 .4560507
.0476301 .4206466
.1027358 .6609883
.9700859 .7025941
.1089001 .4582277
.9466970 .1178952
.4538640 .7853935
.3440025 .9132127
.9382895 .2783622
.9994910 .9138457
.0595259 .6888350
.5840388 .0204604
.1809234 .5247057
.4619952 .3977276
.5537843 .3962354
.6993263 .0862359
.0742679 .7708442
.2941880 .0956618
.4222352 .7463885
.4747077 .5842547
.2248794 .5978921
.4669888 .1417532
.5252136 .2241094
.1113491 .0519406
.2117214 .6438146
.9129462 .2366784
.9658828 .2306062
.5581508 .8324853
.1815197 .7300710
.8016975 .4180598
.3641193 .0126532
.3106934 .1286336
.5771478 .1552993
.1063863 .5301997
.1010136 .4281783
.4271043 .3905330
.8314397 .1402963
.0873827 .5190287
.9777113 .5579092
.8578945 .7357681
.9252337 .1780753
.3548018 .7914043
.9862280 .8797511
.9094656 .6504808
.1498571 .6873195
.5814791 .8661770
.5187737 .3046040
.7586461 .6462593
.2306688 .8870754
.7232121 .4077205
.3460340 .8293557
.4082712 .8482591
.1596809 .2050655
.7632375 .4709084
.0737557 .8948194
.3214780 .6658021
.6516890 .8015292
.5330661 .3997956
.5408963 .7434162
.1950422 .7474792
.0797466 .9350320
.0719574 .3105470
.7514980 .1534322
.9297401 .3485651
.0622227 .9162152
.2724703 .4524378
.4363581 .8837141
.8283755 .0393324
.5650930 .2899885
.2196808 .9790288
.2194686 .9946959
.3997679 .3586374
.4495158 .6561998
.6668186 .7749026
.6181097 .9186816
.8696532 .5679273
.8361543 .1833484
.5002251 .9716277
.7343829 .7343404
.5971056 .0866017
.4741104 .3894368
.8316964 .6498998
.4998797 .5574007
.0677465 .4904430
.4937435 .1585904
.5164282 .9630880
.7140849 .2915635
.9826592 .1306097
.4890516 .2316039
.4299358 .5306975
.8710234 .1906820
.1845886 .4814704
.8167016 .5531037
.7474818 .4385417
.8975614 .7652912
.7606578 .2513342
.3151979 .8775504
.7546953 .5456951
.4306832 .5235986
.6334921 .0909187
.3390883 .9308315
.3782275 .0365829
.1399675 .8690793
.3002958 .4101734
.0695105 .1937308
.6604413 .2698431
.8553967 .1838508
.1020846 .3648614
.5037883 .0180889
.8122911 .9638761
.8895359 .7090336
.5029315 .5000819
.3431957 .3060006
.2637036 .6222836
.9470268 .2903345
.3317400 .8386963
.1894087 .3769296
.2909287 .8406721
.3932466 .3891218
.7867182 .3784043
.0265761 .9171472
.3354820 .7495858
.4078890 .9662911
.2253772 .0119954
.9073423 .0504363
.0394623 .3366075
.6781307 .9282540
.3605410 .8110844
.0775649 .5885333
.3071782 .7539530
.7899512 .7814113
.4555041 .4144187
.4658725 .4143094
.3631773 .9561624
.3550845 .9735046
.4591359 .9376280
.5306192 .7202262
.8119280 .1257747
.1649806 .1072702
.7443807 .3720683
.8981932 .4691308
.1145576 .3331514
.2920685 .7938529
.2112652 .8661915
.0430468 .9639878
.6832090 .7398996
.0625128 .3704659
.9881754 .5836561
.4512208 .8076748
.9537345 .3936220
.2035653 .0388154
.8128248 .0081727
.2755408 .8035021
.3325987 .2750048
.2225184 .1878400
.3969917 .6158615
.4320714 .4916450
.8240232 .7465374
.2031732 .7463462
.6767578 .7616790
.4038187 .0362132
.4285576 .9154345
.7096418 .3681516
.8226383 .4272532
.7090794 .0722076
.0644213 .6616169
.3662093 .0843799
.2316499 .1532468
.0582394 .8911499
.7981133 .1948858
.9358872 .7645823
.4460180 .0301507
.6642322 .9887006
.5809469 .9937090
.3491968 .3103916
.0408817 .0471888
.9882738 .5171114
.4733196 .8413143
.1386264 .9624458
.9960119 .3998003
.3938955 .5798905
.4986876 .4130738
.1131130 .4333504
.9142123 .5319423
.7487042 .5755897
.8043662 .4824356
.8608052 .7864783
.6717316 .7402403
.9547049 .9421537
.7164394 .3009480
.7972714 .0624396
.6836694 .0927948
.7044267 .6728032
.5612133 .0711977
.9802205 .6120827
.9400162 .2162307
.4514988 .8689557
.7858067 .6697675
.7907136 .9269200
.3156220 .1803622
.6507327 .3652163
.9456276 .8905987
.8347455 .4649044
.3800481 .2606226
.7641667 .1060056
.5366416 .4674247
.0479864 .5515105
.0309080 .7841928
.3459434 .4729208
.4354925 .9972259
.9903772 .8931107
.7469632 .5665417
.7102888 .1564577
.8706948 .6249326
.6961784 .5716614
.1048953 .6208740
.2532735 .4352533
.3832695 .9628897
.1989810 .5967518
.4263301 .8737617
.4404417 .8705387
.1453559 .2068727
.9800910 .1730953
.0193486 .5460161
.7887972 .4430244
.2904846 .7737292
.0926075 .7985754
.4513734 .6586416
.8630452 .0539719
.5693550 .0240013
.5924199 .1399905
.6379774 .7994874
.3723941 .0817334
.6801155 .7461624
.1612564 .3406722
.2548161 .8370029
.8956249 .3295772
.0323034 .0673884
.4358208 .9961821
.0775420 .6932764
.5785479 .2201449
.4887537 .3190581
.5609634 .4913266
.3272165 .5893213
.3393657 .4864177
.7899468 .1234655
.8637351 .7237556
.9463896 .3513568
.6838736 .8786019
.9004173 .5815027
.2990833 .4464471
.9536739 .4176071
.1738316 .5508726
.4270058 .9293561
.4468504 .5434078
.6222982 .1109283
.9082483 .8114498
.5438889 .3955387
.3436464 .5099517
.2007782 .5433512
.0687264 .8140067
.5194806 .2278643
.3120704 .2409510
.2415017 .1944101
.6464207 .5379470
.9754546 .9732475
.2036615 .9374837
.3256795 .7559095
.9095707 .0496150
.4182920 .0814976
.1008702 .5243340
.0707714 .2615607
.9869736 .5560363
.3689171 .7675544
.5272412 .4278326
.7791509 .8207025
.1341691 .1573159
.5761368 .8048961
.5939109 .8955561
.9344298 .4511007
.8155159 .4733538
.3347608 .5361282
.2644248 .2464346
.9745209 .5566040
.6767444 .4650681
.8394300 .8750471
.0487889 .5218487
.3681703 .5212115
.7989769 .7898476
.7903411 .4377518
.9415734 .9653287
.9943502 .6918942
.3166123 .9254862
.1272103 .1786559
.2977954 .5904991
.1715588 .6982864
.5478800 .0663841
.8029741 .0205390
.5942118 .8039429
.4067268 .6081525
.2282720 .4403305
.9188837 .9560512
.6525603 .6316926
.0310924 .8433085
.2534697 .2137150
.3278029 .9613714
.9051935 .5550846
.3630561 .0814645
.5297882 .5475454
.9726795 .8009978
.6624560 .2937460
.8856891 .5452312
.0965665 .6361808
.7623124 .4159311
.0950619 .0805126
.1492199 .1303189
.6263387 .7052213
.6966949 .0757933
.7736358 .0551103
.7064846 .7507346
.7250268 .9645252
.2393716 .8387043
.1114851 .3604624
.3619792 .0795679
.1458037 .4068564
.5944013 .1010221
.9355824 .3575144
.3628102 .5397344
.0966794 .1121971
.5806742 .1323305
.6646364 .0815034
.8824963 .9498284
.2632701 .3622908
.2064899 .4793436
.2020411 .6446271
.2462280 .6560181
.9846171 .3895120
.8324565 .9856726
.6553984 .7470995
.8188516 .2816963
.2113275 .9786907
.9709295 .9126877
.3732122 .7906122
.3244973 .4023825
.4417158 .4100515
.3053642 .2599822
.5432637 .2952511
.5894286 .5041516
.7730305 .3759561
.4231118 .8722340
.7260789 .4029498
.2973476 .5096485
.5212581 .5236731
.0403455 .2825359
.2008082 .2075912
.3190437 .9565263
.5544011 .1709265
.1579602 .4805494
.8797447 .4839017
.5259339 .5889279
.5505342 .5105069
.6224440 .9071180
.8016112 .0943124
.7196950 .6734137
.8333479 .2647621
.9758766 .9652579
.8426556 .9349934
.4078476 .7765168
.2542971 .2703129
.2643676 .2007223
.2884981 .7392983
.6278050 .0418904
.7818757 .8678719
.6344003 .0436202
.2885815 .3888886
.8695597 .1807915
.0249465 .2415754
.0817072 .6158510
.9689804 .5898354
.3698328 .4404288
.8584620 .9967672
.6274556 .5973948
.1082335 .8530323
.6481709 .7404807
.6363156 .2847084
.4816814 .5077840
.7847679 .6752798
.1281302 .9688738
.1674734 .6772131
.4140621 .9973587
.2833902 .6494354
.0343426 .1036905
.6979367 .7637474
.5872807 .8561933
.8022280 .9390543
.4789172 .3788587
.5824990 .0880540
.5183822 .4368603
.1304084 .1349771
.7482848 .1370552
.1466603 .5609021
.6186881 .0504790
.4706677 .9683504
.2742509 .3140362
.4304740 .8800879
.9229828 .6337811
.9599947 .6866006
.6206763 .6743915
.0725028 .7583464
.1538496 .5982002
.1953122 .1059099
.0398649 .9694977
.5334702 .9043648
.1771835 .2602806
.2001110 .4357753
.7503903 .1142282
.1755977 .7216185
.1900697 .6159770
.7718562 .9282630
.0607513 .2797585
.4050265 .5842836
.6423687 .4596990
.0288898 .2366026
.8109028 .4755887
.1511252 .3190085
.9285083 .9622382
.2294628 .0747945
.3263631 .7446812
