40
.8932157 .7976374
.0326885 .6316624
.1672199 .2883956
.3376006 .8382198
.5738640 .1966097
.7218392 .4208386
.4823777 .7959345
.3818690 .6442544
.3284285 .6891807
.3019665 .8756615
.0017455 .9459617
.0059058 .1447535
.4590426 .2820174
.5845012 .9718613
.7565280 .2838236
.9579777 .9146408
.7282820 .3047278
.0124545 .2280546
.6945174 .1796853
.9562629 .7205778
.2148536 .0004660
.0407855 .0911740
.0414000 .9752673
.9359040 .4536583
.7973103 .4167590
.9833864 .0421308
.9186889 .1490040
.9015347 .8252458
.1489694 .5222116
.0975596 .4577233
.1502895 .6381722
.5643551 .1217283
.0686189 .6192832
.5870161 .7530813
.3186114 .5385729
.5404909 .2397487
.2880053 .1428548
.4895827 .6922199
.6350454 .3593763
.8600250 .0242501
