30
.5606904 .0250844
.7712913 .3981786
.7647538 .1285525
.3430084 .5669522
.2684881 .9855396
.2391758 .3858199
.2652428 .3596934
.2280473 .6223498
.2208745 .9648346
.2936978 .5575903
.8864991 .9742675
.0538670 .2269103
.0701037 .8040614
.2357139 .6318624
.5627033 .6088925
.9793537 .6509137
.9741192 .6691022
.2213609 .4679053
.1209227 .5601087
.6024564 .1524871
.6847845 .9184772
.1242484 .3985540
.4710598 .4286040
.2155855 .1244171
.7800705 .4633695
.2136950 .3691126
.8798801 .1720577
.9602456 .3274068
.7495474 .7075937
.8866795 .0337341
