100
.4502966 .6720183
.3572103 .2149663
.9329212 .5970494
.0727892 .9878960
.6566649 .6080319
.3065019 .1491042
.9970686 .8078248
.1813172 .0388997
.2097032 .1455676
.7755455 .1988970
.0580320 .7557680
.9344444 .3234377
.8919244 .1998021
.5602505 .4048906
.4238109 .8969730
.2245877 .2455453
.9565635 .8663360
.4893350 .9106211
.6297013 .6561877
.6324711 .6785577
.3411128 .8162235
.2455775 .5007652
.0303107 .7061608
.2784539 .7454114
.3239448 .5098999
.6201159 .8381629
.1800608 .1493216
.4781840 .0340853
.8470465 .9173834
.0917635 .6036904
.5865262 .0645608
.3152475 .7744247
.2942932 .7016624
.1584644 .3562456
.1748678 .0889109
.4661411 .5533767
.4560976 .9667064
.7581693 .4183870
.9305224 .7859597
.2105509 .0714416
.7276735 .6910743
.4015683 .4564503
.6912197 .5098568
.5325780 .2439330
.2795646 .8626215
.2992735 .6622454
.9383003 .3058083
.5662059 .6264130
.0054882 .0993410
.8011998 .5567222
.6912176 .0949834
.3609616 .6944567
.4939583 .1859033
.8760497 .4242692
.2380118 .9737900
.0413803 .9336767
.0865495 .4749918
.1439640 .2495962
.4384501 .9145054
.9065371 .9967228
.2770789 .4970623
.1355548 .7674275
.7154333 .4862816
.8635658 .3597511
.2723802 .3916846
.9856971 .8485192
.6041762 .4225752
.8117452 .9616394
.4767592 .9181583
.6806063 .9337902
.8575748 .9430816
.1913820 .2350064
.9786180 .8226224
.2618909 .5916422
.6100792 .6952867
.8843831 .7388731
.8091486 .2334135
.0514219 .5118215
.9812984 .0127809
.0010625 .2785875
.8093979 .5259557
.9960172 .3624592
.7544685 .8945071
.8103837 .9494131
.3834136 .7429983
.6410979 .9252069
.3938219 .6911520
.1684979 .9659639
.2315892 .1755469
.0276272 .7866656
.6688034 .9419156
.2730907 .4404506
.3497286 .1043673
.9667990 .6025877
.5319816 .1369292
.4187100 .4484816
.1457597 .9714702
.6821020 .5646130
.6514145 .3876208
.6509012 .7719470
